166.000,18.200,8.400,1.000
1.000,51.000,7.600,1.000
454.000,-7.000,4.400,0.000
433.000,-46.200,7.200,0.000
430.000,-53.400,7.600,0.000
418.000,-69.400,-7.600,0.000
409.000,-47.800,-6.400,0.000
388.000,-11.400,-3.600,0.000
361.000,6.600,0.000,0.000
358.000,6.600,0.400,0.000
346.000,2.600,2.000,1.000
340.000,18.200,-7.200,0.000
328.000,44.600,-5.600,0.000
316.000,64.600,-4.000,0.000
310.000,72.200,-3.200,0.000
277.000,85.400,1.200,0.000
271.000,82.600,2.000,0.000
268.000,80.600,2.400,0.000
250.000,60.200,4.800,0.000
235.000,32.200,6.800,0.000
220.000,41.000,-6.800,0.000
205.000,71.000,-4.800,0.000
184.000,96.200,-2.000,0.000
178.000,99.800,-1.200,0.000
166.000,102.200,0.400,0.000
127.000,65.800,5.600,0.000
115.000,41.000,7.200,1.000
109.000,56.600,-7.200,0.000
103.000,70.600,-6.400,0.000
82.000,107.000,-3.600,0.000
79.000,110.600,-3.200,0.000
70.000,119.000,-2.000,0.000
67.000,121.000,-1.600,0.000
46.000,123.800,1.200,0.000
28.000,110.600,3.600,0.000
7.000,77.000,6.400,0.000
-2.000,56.600,7.600,1.000
-8.000,72.200,-7.200,0.000
-14.000,86.200,-6.400,0.000
-32.000,118.600,-4.000,0.000
-59.000,140.200,-0.400,0.000
-65.000,140.600,0.400,0.000
-89.000,126.200,3.600,0.000
-92.000,122.600,4.000,0.000
-95.000,118.600,4.400,0.000
-98.000,114.200,4.800,0.000
-101.000,109.400,5.200,0.000
-116.000,79.400,7.200,0.000
-119.000,72.200,7.600,0.000
-125.000,56.600,8.400,0.000
-128.000,48.200,8.800,0.000
-140.000,10.600,10.400,1.000
-155.000,46.600,-6.000,0.000
373.000,260.200,-4.400,0.000
364.000,272.200,-3.200,0.000
361.000,275.400,-2.800,0.000
355.000,280.600,-2.000,0.000
340.000,286.600,0.000,0.000
334.000,286.200,0.800,0.000
310.000,268.600,4.000,0.000
304.000,260.200,4.800,0.000
295.000,244.600,6.000,0.000
277.000,202.600,8.400,0.000
271.000,185.400,9.200,0.000
241.000,75.400,13.200,0.000
238.000,62.200,13.600,1.000
193.000,140.200,-2.000,0.000
190.000,142.200,-1.600,0.000
181.000,145.800,-0.400,0.000
166.000,143.800,1.600,0.000
136.000,109.800,5.600,0.000
106.000,35.800,9.600,0.000
100.000,16.200,10.400,1.000
82.000,58.200,-5.600,0.000
73.000,73.800,-4.400,0.000
70.000,78.200,-4.000,0.000
58.000,91.800,-2.400,0.000
37.000,100.200,0.400,0.000
22.000,94.200,2.400,0.000
16.000,89.000,3.200,0.000
10.000,82.200,4.000,0.000
-2.000,63.800,5.600,1.000
-32.000,125.800,-4.000,0.000
-41.000,136.600,-2.800,0.000
-65.000,147.800,0.400,0.000
-77.000,143.800,2.000,0.000
-89.000,133.400,3.600,0.000
-92.000,129.800,4.000,0.000
-128.000,55.400,8.800,1.000
-137.000,78.200,-6.800,0.000
-155.000,113.000,-4.400,0.000
370.000,-93.000,-2.400,0.000
361.000,-87.000,-1.200,0.000
346.000,-85.000,0.800,0.000
343.000,-85.800,1.200,1.000
340.000,-77.800,-7.600,0.000
325.000,-43.800,-5.600,0.000
313.000,-23.800,-4.000,0.000
292.000,-4.200,-1.200,0.000
265.000,-7.800,2.400,1.000
262.000,0.200,-7.600,0.000
235.000,54.200,-4.000,0.000
232.000,58.200,-3.600,0.000
226.000,65.000,-2.800,0.000
205.000,76.200,0.000,0.000
199.000,75.800,0.800,0.000
178.000,61.800,3.600,0.000
154.000,21.800,6.800,0.000
142.000,-7.800,8.400,1.000
70.000,73.800,1.600,0.000
64.000,70.200,2.400,0.000
61.000,67.800,2.800,0.000
52.000,58.200,4.000,0.000
46.000,49.800,4.800,0.000
37.000,34.200,6.000,0.000
34.000,28.200,6.400,0.000
25.000,37.400,-7.200,0.000
-14.000,99.800,-2.000,0.000
-29.000,105.800,0.000,0.000
-35.000,105.400,0.800,0.000
-41.000,103.400,1.600,0.000
-47.000,99.800,2.400,0.000
-68.000,74.600,5.200,0.000
-74.000,63.800,6.000,0.000
-77.000,57.800,6.400,0.000
-80.000,51.400,6.800,1.000
-119.000,124.200,-2.800,0.000
-149.000,134.200,1.200,0.000
373.000,249.000,3.600,0.000
367.000,241.400,4.400,0.000
364.000,237.000,4.800,0.000
328.000,153.000,9.600,0.000
322.000,133.400,10.400,0.000
304.000,65.000,12.800,0.000
298.000,39.000,13.600,1.000
292.000,54.600,-7.200,0.000
289.000,61.800,-6.800,0.000
283.000,75.000,-6.000,0.000
253.000,117.000,-2.000,0.000
244.000,121.800,-0.800,0.000
238.000,123.000,0.000,0.000
229.000,121.800,1.200,0.000
223.000,119.000,2.000,0.000
220.000,117.000,2.400,0.000
202.000,96.600,4.800,0.000
175.000,39.000,8.400,1.000
172.000,47.000,-7.600,0.000
169.000,54.600,-7.200,0.000
148.000,96.600,-4.400,0.000
109.000,122.600,0.800,0.000
103.000,120.600,1.600,0.000
91.000,111.800,3.200,0.000
88.000,108.600,3.600,0.000
85.000,105.000,4.000,0.000
82.000,101.000,4.400,0.000
70.000,81.000,6.000,0.000
64.000,68.600,6.800,0.000
58.000,54.600,7.600,0.000
43.000,12.600,9.600,1.000
40.000,20.600,-7.600,0.000
31.000,42.200,-6.400,0.000
10.000,78.600,-3.600,0.000
7.000,82.200,-3.200,0.000
1.000,88.200,-2.400,0.000
-8.000,94.200,-1.200,0.000
-23.000,96.200,0.800,0.000
-26.000,95.400,1.200,0.000
-29.000,94.200,1.600,0.000
-38.000,88.200,2.800,0.000
-56.000,65.400,5.200,0.000
-86.000,127.400,-4.000,0.000
-89.000,131.400,-3.600,0.000
-95.000,138.200,-2.800,0.000
-98.000,141.000,-2.400,0.000
-104.000,145.400,-1.600,0.000
-110.000,148.200,-0.800,0.000
-119.000,149.400,0.400,0.000
-122.000,149.000,0.800,0.000
-128.000,147.000,1.600,0.000
-146.000,131.400,4.000,0.000
-152.000,123.000,4.800,0.000
-158.000,113.000,5.600,0.000
364.000,169.400,8.000,0.000
322.000,21.000,13.600,0.000
319.000,7.400,14.000,1.000
310.000,30.200,-6.800,0.000
295.000,60.200,-4.800,0.000
217.000,55.000,5.600,0.000
211.000,43.400,6.400,0.000
205.000,30.200,7.200,1.000
181.000,83.000,-4.800,0.000
178.000,87.800,-4.400,0.000
172.000,96.200,-3.600,0.000
163.000,105.800,-2.400,0.000
154.000,111.800,-1.200,0.000
115.000,96.200,4.000,0.000
97.000,66.200,6.400,0.000
82.000,30.200,8.400,1.000
55.000,87.800,-4.400,0.000
19.000,114.200,0.400,0.000
1.000,105.800,2.800,0.000
-2.000,103.000,3.200,0.000
-5.000,99.800,3.600,0.000
-14.000,87.800,4.800,0.000
-32.000,53.000,7.200,1.000
-44.000,82.600,-6.400,0.000
-56.000,105.800,-4.800,0.000
-68.000,122.600,-3.200,0.000
-71.000,125.800,-2.800,0.000
-92.000,137.000,0.000,0.000
-101.000,135.800,1.200,0.000
-107.000,133.000,2.000,0.000
-113.000,128.600,2.800,0.000
-128.000,110.600,4.800,0.000
-143.000,82.600,6.800,0.000
-149.000,68.600,7.600,1.000
-155.000,84.200,-7.200,0.000
373.000,78.600,-5.600,0.000
370.000,84.200,-5.200,0.000
367.000,89.400,-4.800,0.000
331.000,120.600,0.000,0.000
316.000,116.600,2.000,0.000
292.000,89.400,5.200,0.000
289.000,84.200,5.600,0.000
280.000,66.200,6.800,0.000
268.000,67.800,-7.200,0.000
262.000,81.800,-6.400,0.000
256.000,94.200,-5.600,0.000
238.000,121.800,-3.200,0.000
235.000,125.000,-2.800,0.000
229.000,130.200,-2.000,0.000
202.000,133.800,1.600,0.000
190.000,125.000,3.200,0.000
178.000,109.800,4.800,0.000
157.000,67.800,7.600,0.000
136.000,6.200,10.400,1.000
133.000,14.200,-7.600,0.000
103.000,72.200,-3.600,0.000
97.000,79.000,-2.800,0.000
73.000,90.200,0.400,0.000
61.000,86.200,2.000,0.000
49.000,75.800,3.600,0.000
46.000,72.200,4.000,0.000
37.000,59.000,5.200,0.000
28.000,42.200,6.400,1.000
25.000,50.200,-7.600,0.000
19.000,65.000,-6.800,0.000
7.000,89.800,-5.200,0.000
-11.000,115.000,-2.800,0.000
-20.000,122.200,-1.600,0.000
-23.000,123.800,-1.200,0.000
-26.000,125.000,-0.800,0.000
-62.000,108.200,4.000,0.000
-65.000,104.200,4.400,0.000
-89.000,57.800,7.600,1.000
-119.000,119.800,-4.000,0.000
-122.000,123.800,-3.600,0.000
376.000,-22.200,2.000,0.000
373.000,-24.200,2.400,0.000
352.000,-13.400,-6.800,0.000
334.000,21.400,-4.400,0.000
331.000,25.800,-4.000,0.000
325.000,33.400,-3.200,0.000
319.000,39.400,-2.400,0.000
313.000,43.800,-1.600,0.000
304.000,47.400,-0.400,0.000
250.000,46.200,-6.400,0.000
244.000,58.600,-5.600,0.000
235.000,74.200,-4.400,0.000
232.000,78.600,-4.000,0.000
229.000,82.600,-3.600,0.000
226.000,86.200,-3.200,0.000
217.000,94.600,-2.000,0.000
151.000,46.200,6.800,0.000
148.000,39.400,7.200,0.000
103.000,97.400,-2.800,0.000
37.000,66.600,6.000,0.000
31.000,54.200,6.800,0.000
28.000,47.400,7.200,0.000
25.000,40.200,7.600,1.000
-8.000,106.200,-3.600,0.000
-20.000,118.200,-2.000,0.000
-41.000,123.800,0.800,0.000
-62.000,109.800,3.600,0.000
-83.000,76.200,6.400,0.000
-95.000,48.200,8.000,1.000
-107.000,77.800,-6.400,0.000
-140.000,126.200,-2.000,0.000
-152.000,131.800,-0.400,0.000
343.000,255.800,5.600,0.000
340.000,250.200,6.000,0.000
331.000,231.000,7.200,0.000
319.000,199.800,8.800,0.000
298.000,129.800,11.600,0.000
289.000,93.800,12.800,0.000
280.000,54.200,14.000,0.000
268.000,41.400,-7.200,0.000
265.000,48.600,-6.800,0.000
259.000,61.800,-6.000,0.000
178.000,83.400,4.800,0.000
145.000,25.400,-7.600,0.000
82.000,101.000,0.800,0.000
61.000,87.000,3.600,0.000
55.000,79.400,4.400,0.000
52.000,75.000,4.800,0.000
43.000,59.400,6.000,0.000
31.000,33.000,7.600,1.000
25.000,48.600,-7.200,0.000
13.000,75.000,-5.600,0.000
4.000,90.600,-4.400,0.000
1.000,95.000,-4.000,0.000
-17.000,113.000,-1.600,0.000
-38.000,115.800,1.200,0.000
-56.000,102.600,3.600,0.000
-65.000,90.600,4.800,0.000
-68.000,85.800,5.200,0.000
-86.000,48.600,7.600,1.000
-92.000,64.200,-7.200,0.000
-119.000,114.600,-3.600,0.000
-131.000,126.600,-2.000,0.000
-152.000,132.200,0.800,0.000
-155.000,131.400,1.200,0.000
-158.000,130.200,1.600,0.000
346.000,-11.400,6.400,0.000
316.000,39.800,-4.400,0.000
274.000,65.000,1.200,0.000
268.000,62.200,2.000,0.000
265.000,60.200,2.400,0.000
193.000,39.800,-4.400,0.000
175.000,60.200,-2.000,0.000
142.000,60.200,2.400,0.000
139.000,57.800,2.800,0.000
136.000,55.000,3.200,0.000
133.000,51.800,3.600,0.000
112.000,18.200,6.400,0.000
106.000,5.000,7.200,1.000
70.000,74.600,-3.200,0.000
67.000,77.800,-2.800,0.000
43.000,89.000,0.400,0.000
19.000,74.600,3.600,0.000
4.000,52.600,5.600,0.000
1.000,47.000,6.000,1.000
-32.000,113.000,-3.600,0.000
-47.000,127.000,-1.600,0.000
-65.000,130.600,0.800,0.000
-77.000,125.000,2.400,0.000
-80.000,122.600,2.800,0.000
-107.000,83.000,6.400,0.000
-119.000,55.000,8.000,1.000
-155.000,124.600,-3.200,0.000
376.000,165.000,-2.000,0.000
370.000,168.600,-1.200,0.000
355.000,170.600,0.800,0.000
310.000,116.600,6.800,0.000
298.000,87.000,8.400,1.000
295.000,95.000,-7.600,0.000
280.000,129.000,-5.600,0.000
268.000,149.000,-4.000,0.000
256.000,162.600,-2.400,0.000
241.000,170.600,-0.400,0.000
229.000,169.800,1.200,0.000
214.000,159.800,3.200,0.000
211.000,156.600,3.600,0.000
208.000,153.000,4.000,0.000
202.000,144.600,4.800,0.000
187.000,116.600,6.800,0.000
157.000,30.600,10.800,0.000
142.000,49.400,-6.400,0.000
106.000,99.800,-1.600,0.000
97.000,103.400,-0.400,0.000
91.000,103.800,0.400,0.000
82.000,101.400,1.600,0.000
76.000,97.800,2.400,0.000
34.000,27.800,8.000,1.000
25.000,50.600,-6.800,0.000
-14.000,107.800,-1.600,0.000
-20.000,110.600,-0.800,0.000
-62.000,85.400,4.800,0.000
-68.000,75.400,5.600,0.000
-77.000,57.400,6.800,1.000
-89.000,87.000,-6.400,0.000
-98.000,105.000,-5.200,0.000
-107.000,119.400,-4.000,0.000
-140.000,141.400,0.400,0.000
-152.000,137.400,2.000,0.000
373.000,219.400,4.000,0.000
358.000,195.400,6.000,0.000
355.000,189.400,6.400,0.000
349.000,176.200,7.200,0.000
304.000,26.200,13.200,1.000
280.000,79.000,-4.800,0.000
271.000,92.200,-3.600,0.000
268.000,95.800,-3.200,0.000
259.000,104.200,-2.000,0.000
244.000,110.200,0.000,0.000
238.000,109.800,0.800,0.000
229.000,106.200,2.000,0.000
214.000,92.200,4.000,0.000
199.000,68.200,6.000,0.000
196.000,62.200,6.400,0.000
190.000,49.000,7.200,0.000
184.000,34.200,8.000,1.000
181.000,42.200,-7.600,0.000
175.000,57.000,-6.800,0.000
166.000,76.200,-5.600,0.000
148.000,103.800,-3.200,0.000
136.000,114.200,-1.600,0.000
133.000,115.800,-1.200,0.000
127.000,117.800,-0.400,0.000
124.000,118.200,0.000,0.000
121.000,118.200,0.400,0.000
88.000,91.800,4.800,0.000
73.000,63.800,6.800,0.000
55.000,49.800,-7.200,0.000
31.000,96.200,-4.000,0.000
19.000,109.800,-2.400,0.000
10.000,115.800,-1.200,0.000
-38.000,87.000,5.200,0.000
-50.000,63.800,6.800,0.000
-53.000,57.000,7.200,1.000
-77.000,109.800,-4.800,0.000
-95.000,132.600,-2.400,0.000
-104.000,138.600,-1.200,0.000
-122.000,139.800,1.200,0.000
-128.000,137.000,2.000,0.000
-140.000,126.600,3.600,0.000
-149.000,114.600,4.800,0.000
367.000,33.000,8.000,1.000
358.000,55.800,-6.800,0.000
355.000,62.600,-6.400,0.000
346.000,80.600,-5.200,0.000
334.000,99.000,-3.600,0.000
310.000,116.600,-0.400,0.000
301.000,116.600,0.800,0.000
298.000,115.800,1.200,0.000
274.000,95.000,4.400,0.000
238.000,63.800,-6.800,0.000
211.000,110.600,-3.200,0.000
187.000,125.000,0.000,0.000
154.000,103.000,4.400,0.000
145.000,88.600,5.600,0.000
142.000,83.000,6.000,0.000
139.000,77.000,6.400,0.000
118.000,23.800,9.200,0.000
103.000,44.200,-6.400,0.000
94.000,62.200,-5.200,0.000
82.000,80.600,-3.600,0.000
73.000,90.200,-2.400,0.000
67.000,94.600,-1.600,0.000
58.000,98.200,-0.400,0.000
40.000,94.600,2.000,0.000
7.000,50.600,6.400,0.000
-11.000,67.000,-6.400,0.000
-14.000,73.400,-6.000,0.000
-20.000,85.000,-5.200,0.000
-26.000,95.000,-4.400,0.000
-38.000,110.200,-2.800,0.000
-50.000,119.000,-1.200,0.000
-65.000,121.000,0.800,0.000
-89.000,103.400,4.000,0.000
-131.000,126.200,-4.800,0.000
-143.000,143.000,-3.200,0.000
-155.000,153.400,-1.600,0.000
367.000,-3.000,0.800,0.000
352.000,-11.000,2.800,1.000
343.000,11.800,-6.800,0.000
337.000,25.000,-6.000,0.000
334.000,31.000,-5.600,0.000
325.000,46.600,-4.400,0.000
322.000,51.000,-4.000,0.000
307.000,67.000,-2.000,0.000
304.000,69.000,-1.600,0.000
295.000,72.600,-0.400,0.000
292.000,73.000,0.000,0.000
283.000,71.800,1.200,0.000
259.000,84.600,-6.800,0.000
211.000,145.400,-0.400,0.000
199.000,144.600,1.200,0.000
196.000,143.400,1.600,0.000
184.000,134.600,3.200,0.000
166.000,109.400,5.600,0.000
154.000,84.600,7.200,0.000
148.000,69.800,8.000,0.000
136.000,35.400,9.600,1.000
124.000,65.000,-6.400,0.000
118.000,77.400,-5.600,0.000
100.000,105.000,-3.200,0.000
97.000,108.200,-2.800,0.000
64.000,117.000,1.600,0.000
58.000,113.400,2.400,0.000
55.000,111.000,2.800,0.000
40.000,93.000,4.800,0.000
28.000,71.400,6.400,0.000
19.000,51.000,7.600,0.000
7.000,51.000,-7.200,0.000
4.000,58.200,-6.800,0.000
-8.000,83.000,-5.200,0.000
-11.000,88.200,-4.800,0.000
-17.000,97.400,-4.000,0.000
-20.000,101.400,-3.600,0.000
-23.000,105.000,-3.200,0.000
-26.000,108.200,-2.800,0.000
-38.000,117.000,-1.200,0.000
-41.000,118.200,-0.800,0.000
-44.000,119.000,-0.400,0.000
-59.000,117.000,1.600,0.000
-65.000,113.400,2.400,0.000
-74.000,105.000,3.600,0.000
-95.000,71.400,6.400,0.000
-116.000,94.200,-6.000,0.000
-119.000,100.200,-5.600,0.000
-158.000,141.800,-0.400,0.000
331.000,94.200,6.400,0.000
322.000,73.800,7.600,0.000
313.000,49.800,8.800,1.000
298.000,85.800,-6.000,0.000
274.000,122.600,-2.800,0.000
271.000,125.400,-2.400,0.000
238.000,129.800,2.000,0.000
217.000,107.400,4.800,0.000
208.000,91.800,6.000,0.000
205.000,85.800,6.400,0.000
175.000,71.000,-6.400,0.000
124.000,125.400,0.400,0.000
121.000,125.000,0.800,0.000
85.000,89.000,5.600,0.000
79.000,77.400,6.400,0.000
64.000,41.400,8.400,0.000
61.000,33.000,8.800,0.000
58.000,41.000,-7.600,0.000
55.000,48.600,-7.200,0.000
43.000,75.000,-5.600,0.000
40.000,80.600,-5.200,0.000
28.000,99.000,-3.600,0.000
-8.000,115.800,1.200,0.000
-17.000,111.000,2.400,0.000
-32.000,95.000,4.400,0.000
-35.000,90.600,4.800,0.000
-38.000,85.800,5.200,0.000
-41.000,80.600,5.600,0.000
-56.000,48.600,7.600,1.000
-68.000,78.200,-6.400,0.000
-77.000,96.200,-5.200,0.000
-95.000,121.400,-2.800,0.000
-98.000,124.200,-2.400,0.000
-110.000,131.400,-0.800,0.000
-125.000,131.400,1.200,0.000
-131.000,128.600,2.000,0.000
-143.000,118.200,3.600,0.000
-161.000,90.600,6.000,0.000
361.000,208.600,8.400,0.000
331.000,106.600,12.400,1.000
313.000,148.600,-5.600,0.000
307.000,159.400,-4.800,0.000
295.000,176.200,-3.200,0.000
283.000,186.600,-1.600,0.000
277.000,189.400,-0.800,0.000
268.000,190.600,0.400,0.000
265.000,190.200,0.800,0.000
256.000,186.600,2.000,0.000
247.000,179.400,3.200,0.000
226.000,148.600,6.000,0.000
214.000,122.200,7.600,0.000
202.000,89.400,9.200,0.000
184.000,28.200,11.600,1.000
178.000,43.800,-7.200,0.000
175.000,51.000,-6.800,0.000
160.000,81.000,-4.800,0.000
154.000,90.200,-4.000,0.000
142.000,103.800,-2.400,0.000
130.000,111.000,-0.800,0.000
127.000,111.800,-0.400,0.000
124.000,112.200,0.000,0.000
112.000,109.800,1.600,0.000
64.000,36.200,8.000,0.000
55.000,11.000,9.200,1.000
52.000,19.000,-7.600,0.000
49.000,26.600,-7.200,0.000
28.000,68.600,-4.400,0.000
1.000,93.800,-0.800,0.000
-53.000,98.200,-6.400,0.000
-59.000,110.600,-5.600,0.000
-98.000,152.200,-0.400,0.000
-119.000,146.600,2.400,0.000
-134.000,130.600,4.400,0.000
-137.000,126.200,4.800,0.000
-146.000,110.600,6.000,0.000
-161.000,76.600,8.000,0.000
352.000,57.400,-4.800,0.000
349.000,62.200,-4.400,0.000
331.000,82.600,-2.000,0.000
316.000,88.600,0.000,0.000
298.000,82.600,2.400,0.000
283.000,66.600,4.400,0.000
277.000,57.400,5.200,0.000
262.000,27.400,7.200,0.000
256.000,12.600,8.000,1.000
250.000,28.200,-7.200,0.000
229.000,70.200,-4.400,0.000
223.000,78.600,-3.600,0.000
217.000,85.400,-2.800,0.000
211.000,90.600,-2.000,0.000
190.000,96.200,0.800,0.000
157.000,65.400,5.200,0.000
151.000,68.200,-7.600,0.000
142.000,89.800,-6.400,0.000
130.000,113.000,-4.800,0.000
127.000,117.800,-4.400,0.000
112.000,135.800,-2.400,0.000
109.000,138.200,-2.000,0.000
91.000,144.200,0.400,0.000
82.000,141.800,1.600,0.000
58.000,117.800,4.800,0.000
28.000,51.800,8.800,0.000
10.000,63.400,-6.400,0.000
-17.000,106.600,-2.800,0.000
-26.000,113.800,-1.600,0.000
-56.000,111.800,2.400,0.000
-62.000,106.600,3.200,0.000
-71.000,95.800,4.400,0.000
-74.000,91.400,4.800,0.000
-86.000,69.800,6.400,0.000
-92.000,56.600,7.200,1.000
-122.000,118.600,-4.000,0.000
-137.000,134.600,-2.000,0.000
-143.000,138.200,-1.200,0.000
-149.000,140.200,-0.400,0.000
-152.000,140.600,0.000,0.000
-161.000,139.400,1.200,0.000
367.000,4.200,2.800,1.000
343.000,57.000,-4.800,0.000
325.000,79.800,-2.400,0.000
319.000,84.200,-1.600,0.000
304.000,88.200,0.400,0.000
298.000,87.000,1.200,0.000
286.000,79.800,2.800,0.000
280.000,73.800,3.600,0.000
271.000,61.800,4.800,0.000
265.000,51.800,5.600,0.000
259.000,40.200,6.400,0.000
253.000,27.000,7.200,0.000
241.000,42.600,-6.800,0.000
235.000,55.800,-6.000,0.000
226.000,72.600,-4.800,0.000
205.000,97.800,-2.000,0.000
199.000,101.400,-1.200,0.000
181.000,102.600,1.200,0.000
172.000,97.800,2.400,0.000
154.000,77.400,4.800,0.000
148.000,67.400,5.600,0.000
127.000,19.800,8.400,0.000
121.000,2.600,9.200,1.000
109.000,32.200,-6.400,0.000
97.000,55.400,-4.800,0.000
94.000,60.200,-4.400,0.000
79.000,78.200,-2.400,0.000
64.000,86.200,-0.400,0.000
49.000,84.200,1.600,0.000
34.000,72.200,3.600,0.000
10.000,73.000,-6.800,0.000
4.000,86.200,-6.000,0.000
1.000,92.200,-5.600,0.000
-11.000,112.200,-4.000,0.000
-29.000,130.200,-1.600,0.000
-44.000,134.200,0.400,0.000
-89.000,86.200,6.400,0.000
-92.000,79.800,6.800,0.000
-98.000,65.800,7.600,0.000
-137.000,127.800,-3.200,0.000
-146.000,136.200,-2.000,0.000
-149.000,138.200,-1.600,0.000
361.000,200.200,2.400,0.000
352.000,191.800,3.600,0.000
349.000,188.200,4.000,0.000
340.000,175.000,5.200,0.000
328.000,151.800,6.800,0.000
295.000,155.800,-5.600,0.000
289.000,166.600,-4.800,0.000
280.000,179.800,-3.600,0.000
277.000,183.400,-3.200,0.000
268.000,191.800,-2.000,0.000
265.000,193.800,-1.600,0.000
262.000,195.400,-1.200,0.000
259.000,196.600,-0.800,0.000
250.000,197.800,0.400,0.000
241.000,195.400,1.600,0.000
226.000,183.400,3.600,0.000
211.000,161.400,5.600,0.000
205.000,149.800,6.400,0.000
199.000,136.600,7.200,0.000
166.000,35.400,11.600,1.000
160.000,51.000,-7.200,0.000
154.000,65.000,-6.400,0.000
145.000,83.000,-5.200,0.000
136.000,97.400,-4.000,0.000
133.000,101.400,-3.600,0.000
124.000,111.000,-2.400,0.000
118.000,115.400,-1.600,0.000
106.000,119.400,0.000,0.000
73.000,97.400,4.400,0.000
61.000,77.400,6.000,0.000
52.000,58.200,7.200,0.000
40.000,27.000,8.800,0.000
31.000,33.800,-7.200,0.000
28.000,41.000,-6.800,0.000
25.000,47.800,-6.400,0.000
22.000,54.200,-6.000,0.000
10.000,75.800,-4.400,0.000
7.000,80.200,-4.000,0.000
-11.000,98.200,-1.600,0.000
-20.000,101.800,-0.400,0.000
-26.000,102.200,0.400,0.000
-38.000,98.200,2.000,0.000
-62.000,71.000,5.200,0.000
-65.000,65.800,5.600,0.000
-74.000,47.800,6.800,1.000
-98.000,100.600,-4.800,0.000
-107.000,113.800,-3.600,0.000
-116.000,123.400,-2.400,0.000
-119.000,125.800,-2.000,0.000
-131.000,131.400,-0.400,0.000
-143.000,130.600,1.200,0.000
-161.000,117.400,3.600,0.000
367.000,132.600,5.200,0.000
334.000,53.400,9.600,0.000
319.000,20.600,-7.600,0.000
313.000,35.400,-6.800,0.000
274.000,92.600,-1.600,0.000
268.000,95.400,-0.800,0.000
241.000,88.200,2.800,0.000
205.000,43.400,-7.600,0.000
181.000,93.000,-4.400,0.000
175.000,101.400,-3.600,0.000
151.000,119.000,-0.400,0.000
142.000,119.000,0.800,0.000
112.000,93.000,4.800,0.000
91.000,51.000,7.600,0.000
88.000,59.000,-7.600,0.000
76.000,87.000,-6.000,0.000
28.000,135.000,0.400,0.000
4.000,120.600,3.600,0.000
1.000,117.000,4.000,0.000
-29.000,59.000,8.000,0.000
-35.000,42.600,8.800,1.000
-50.000,78.600,-6.000,0.000
-62.000,100.200,-4.400,0.000
-65.000,104.600,-4.000,0.000
-89.000,125.400,-0.800,0.000
-98.000,126.600,0.400,0.000
-128.000,104.600,4.400,0.000
-143.000,78.600,6.400,0.000
-155.000,81.000,-7.200,0.000
-161.000,95.000,-6.400,0.000
358.000,99.400,-3.600,0.000
355.000,103.000,-3.200,0.000
349.000,109.000,-2.400,0.000
340.000,115.000,-1.200,0.000
331.000,117.400,0.000,0.000
313.000,111.400,2.400,0.000
304.000,103.000,3.600,0.000
301.000,99.400,4.000,0.000
289.000,81.000,5.600,0.000
286.000,75.400,6.000,0.000
274.000,49.000,7.600,0.000
268.000,33.400,8.400,0.000
262.000,16.200,9.200,1.000
259.000,24.200,-7.600,0.000
244.000,58.200,-5.600,0.000
229.000,82.200,-3.600,0.000
220.000,91.800,-2.400,0.000
205.000,99.800,-0.400,0.000
157.000,58.200,6.000,0.000
151.000,45.800,6.800,0.000
148.000,39.000,7.200,0.000
142.000,24.200,8.000,1.000
124.000,66.200,-5.600,0.000
121.000,71.800,-5.200,0.000
115.000,81.800,-4.400,0.000
100.000,99.800,-2.400,0.000
88.000,107.000,-0.800,0.000
79.000,108.200,0.400,0.000
64.000,102.200,2.400,0.000
55.000,93.800,3.600,0.000
52.000,90.200,4.000,0.000
46.000,81.800,4.800,0.000
28.000,47.000,7.200,0.000
25.000,39.800,7.600,1.000
22.000,47.800,-7.600,0.000
19.000,55.400,-7.200,0.000
13.000,69.400,-6.400,0.000
-8.000,105.800,-3.600,0.000
-11.000,109.400,-3.200,0.000
-47.000,121.400,1.600,0.000
-53.000,117.800,2.400,0.000
-86.000,97.400,-7.200,0.000
-92.000,111.400,-6.400,0.000
-95.000,117.800,-6.000,0.000
-101.000,129.400,-5.200,0.000
-116.000,151.400,-3.200,0.000
-119.000,154.600,-2.800,0.000
-146.000,165.400,0.800,0.000
-152.000,163.400,1.600,0.000
-155.000,161.800,2.000,0.000
376.000,58.600,3.200,0.000
358.000,33.400,5.600,0.000
355.000,27.800,6.000,0.000
349.000,15.400,6.800,1.000
346.000,23.400,-7.600,0.000
337.000,45.000,-6.400,0.000
334.000,51.400,-6.000,0.000
331.000,57.400,-5.600,0.000
328.000,63.000,-5.200,0.000
301.000,95.400,-1.600,0.000
250.000,68.200,5.200,0.000
238.000,45.000,6.800,0.000
232.000,31.000,7.600,1.000
217.000,67.000,-6.000,0.000
187.000,109.000,-2.000,0.000
178.000,113.800,-0.800,0.000
169.000,115.000,0.400,0.000
157.000,111.000,2.000,0.000
148.000,103.800,3.200,0.000
136.000,88.600,4.800,0.000
127.000,73.000,6.000,0.000
121.000,60.600,6.800,0.000
109.000,31.000,8.400,1.000
106.000,39.000,-7.600,0.000
103.000,46.600,-7.200,0.000
97.000,60.600,-6.400,0.000
85.000,83.800,-4.800,0.000
82.000,88.600,-4.400,0.000
55.000,113.800,-0.800,0.000
25.000,103.800,3.200,0.000
-5.000,53.800,7.200,1.000
-20.000,89.800,-6.000,0.000
-38.000,119.800,-3.600,0.000
-65.000,137.800,0.000,0.000
-68.000,137.800,0.400,0.000
-77.000,135.400,1.600,0.000
-83.000,131.800,2.400,0.000
-137.000,27.400,9.600,0.000
-152.000,-24.600,11.600,1.000
-161.000,-1.800,-6.800,0.000
376.000,5.000,-6.400,0.000
367.000,23.000,-5.200,0.000
358.000,37.400,-4.000,0.000
316.000,57.000,1.600,0.000
310.000,53.400,2.400,0.000
292.000,33.000,4.800,0.000
271.000,6.200,-7.600,0.000
253.000,45.800,-5.200,0.000
208.000,81.800,0.800,0.000
166.000,34.200,6.400,1.000
163.000,42.200,-7.600,0.000
148.000,76.200,-5.600,0.000
136.000,96.200,-4.000,0.000
130.000,103.800,-3.200,0.000
121.000,112.200,-2.000,0.000
109.000,117.800,-0.400,0.000
106.000,118.200,0.000,0.000
103.000,118.200,0.400,0.000
46.000,57.800,-7.600,0.000
25.000,102.600,-4.800,0.000
1.000,129.800,-1.600,0.000
-2.000,131.400,-1.200,0.000
-8.000,133.400,-0.400,0.000
-14.000,133.800,0.400,0.000
-26.000,129.800,2.000,0.000
-29.000,127.800,2.400,0.000
-35.000,122.600,3.200,0.000
-44.000,111.800,4.400,0.000
-56.000,91.800,6.000,0.000
-83.000,101.400,-6.000,0.000
-86.000,107.400,-5.600,0.000
-89.000,113.000,-5.200,0.000
-92.000,118.200,-4.800,0.000
-107.000,138.200,-2.800,0.000
-113.000,143.400,-2.000,0.000
-116.000,145.400,-1.600,0.000
-161.000,127.400,4.400,0.000
358.000,120.200,7.200,0.000
352.000,105.400,8.000,1.000
331.000,153.000,-5.200,0.000
322.000,167.400,-4.000,0.000
307.000,183.400,-2.000,0.000
295.000,189.000,-0.400,0.000
280.000,187.000,1.600,0.000
244.000,141.400,6.400,0.000
232.000,113.400,8.000,0.000
226.000,97.000,8.800,0.000
193.000,122.200,-4.800,0.000
190.000,127.000,-4.400,0.000
184.000,135.400,-3.600,0.000
172.000,147.400,-2.000,0.000
145.000,151.000,1.600,0.000
118.000,122.200,5.200,0.000
97.000,77.400,8.000,0.000
94.000,69.400,8.400,0.000
85.000,43.000,9.600,1.000
67.000,85.000,-5.600,0.000
61.000,95.800,-4.800,0.000
49.000,112.600,-3.200,0.000
37.000,123.000,-1.600,0.000
34.000,124.600,-1.200,0.000
-2.000,112.600,3.600,0.000
-5.000,109.000,4.000,0.000
-14.000,95.800,5.200,0.000
-32.000,58.600,7.600,1.000
-35.000,66.600,-7.600,0.000
-38.000,74.200,-7.200,0.000
-41.000,81.400,-6.800,0.000
-50.000,100.600,-5.600,0.000
-74.000,134.200,-2.400,0.000
-101.000,141.400,1.200,0.000
-110.000,136.600,2.400,0.000
-125.000,120.600,4.400,0.000
-137.000,100.600,6.000,0.000
-149.000,74.200,7.600,0.000
370.000,172.600,10.400,0.000
364.000,151.400,11.200,0.000
355.000,116.600,12.400,0.000
337.000,36.200,14.800,1.000
334.000,44.200,-7.600,0.000
295.000,111.800,-2.400,0.000
286.000,117.800,-1.200,0.000
268.000,119.000,1.200,0.000
265.000,117.800,1.600,0.000
244.000,98.200,4.400,0.000
229.000,72.200,6.400,0.000
211.000,27.800,8.800,1.000
208.000,35.800,-7.600,0.000
196.000,63.800,-6.000,0.000
190.000,75.400,-5.200,0.000
181.000,89.800,-4.000,0.000
169.000,103.400,-2.400,0.000
154.000,111.400,-0.400,0.000
148.000,111.800,0.400,0.000
121.000,93.800,4.000,0.000
106.000,69.800,6.000,0.000
103.000,63.800,6.400,0.000
82.000,10.600,9.200,1.000
61.000,58.200,-5.200,0.000
58.000,63.400,-4.800,0.000
52.000,72.600,-4.000,0.000
43.000,83.400,-2.800,0.000
34.000,90.600,-1.600,0.000
28.000,93.400,-0.800,0.000
10.000,92.200,1.600,0.000
7.000,90.600,2.000,0.000
-5.000,80.200,3.600,0.000
-11.000,72.600,4.400,0.000
-26.000,46.600,6.400,1.000
-47.000,94.200,-5.200,0.000
-56.000,108.600,-4.000,0.000
-59.000,112.600,-3.600,0.000
-68.000,122.200,-2.400,0.000
-77.000,128.200,-1.200,0.000
-86.000,130.600,0.000,0.000
-89.000,130.600,0.400,0.000
-101.000,126.600,2.000,0.000
-104.000,124.600,2.400,0.000
-107.000,122.200,2.800,0.000
-113.000,116.200,3.600,0.000
-125.000,99.400,5.200,0.000
-128.000,94.200,5.600,0.000
-140.000,69.400,7.200,1.000
-152.000,99.000,-6.400,0.000
-155.000,105.400,-6.000,0.000
-161.000,117.000,-5.200,0.000
370.000,67.400,-4.000,0.000
349.000,87.000,-1.200,0.000
325.000,85.400,2.000,0.000
289.000,35.000,6.800,1.000
286.000,43.000,-7.600,0.000
262.000,92.600,-4.400,0.000
241.000,115.000,-1.600,0.000
235.000,117.800,-0.800,0.000
193.000,92.600,4.800,0.000
190.000,87.800,5.200,0.000
187.000,82.600,5.600,0.000
184.000,77.000,6.000,0.000
178.000,64.600,6.800,0.000
160.000,17.800,9.200,1.000
154.000,33.400,-7.200,0.000
145.000,53.800,-6.000,0.000
142.000,59.800,-5.600,0.000
127.000,83.800,-3.600,0.000
121.000,90.600,-2.800,0.000
100.000,101.800,0.000,0.000
37.000,17.800,8.400,1.000
31.000,33.400,-7.200,0.000
28.000,40.600,-6.800,0.000
25.000,47.400,-6.400,0.000
19.000,59.800,-5.600,0.000
7.000,79.800,-4.000,0.000
4.000,83.800,-3.600,0.000
-2.000,90.600,-2.800,0.000
-8.000,95.800,-2.000,0.000
-29.000,101.400,0.800,0.000
-59.000,75.400,4.800,0.000
-65.000,65.400,5.600,0.000
-107.000,91.000,-4.400,0.000
-122.000,109.000,-2.400,0.000
-131.000,115.000,-1.200,0.000
-137.000,117.000,-0.400,0.000
-143.000,117.400,0.400,0.000
364.000,-5.000,4.800,1.000
349.000,31.000,-6.000,0.000
301.000,79.000,0.400,0.000
295.000,77.800,1.200,0.000
268.000,52.600,4.800,0.000
259.000,37.000,6.000,0.000
247.000,10.600,7.600,1.000
235.000,40.200,-6.400,0.000
223.000,63.400,-4.800,0.000
220.000,68.200,-4.400,0.000
217.000,72.600,-4.000,0.000
202.000,88.600,-2.000,0.000
199.000,90.600,-1.600,0.000
193.000,93.400,-0.800,0.000
181.000,94.200,0.800,0.000
178.000,93.400,1.200,0.000
160.000,80.200,3.600,0.000
154.000,72.600,4.400,0.000
148.000,63.400,5.200,0.000
139.000,46.600,6.400,0.000
130.000,41.400,-7.600,0.000
112.000,81.000,-5.200,0.000
109.000,86.200,-4.800,0.000
58.000,113.400,2.000,0.000
52.000,109.000,2.800,0.000
28.000,75.400,6.000,0.000
-11.000,106.600,-4.400,0.000
-62.000,127.000,2.400,0.000
-74.000,115.000,4.000,0.000
-83.000,101.800,5.200,0.000
-86.000,96.600,5.600,0.000
-104.000,57.000,8.000,1.000
-116.000,86.600,-6.400,0.000
-128.000,109.800,-4.800,0.000
-140.000,126.600,-3.200,0.000
-149.000,135.000,-2.000,0.000
376.000,301.000,0.000,0.000
346.000,283.000,4.000,0.000
337.000,269.800,5.200,0.000
331.000,259.000,6.000,0.000
325.000,246.600,6.800,0.000
304.000,190.600,9.600,0.000
298.000,171.000,10.400,0.000
292.000,149.800,11.200,0.000
280.000,102.600,12.800,0.000
265.000,34.600,14.800,1.000
250.000,70.600,-6.000,0.000
223.000,110.200,-2.400,0.000
190.000,114.600,2.000,0.000
175.000,100.600,4.000,0.000
163.000,82.200,5.600,0.000
157.000,70.600,6.400,0.000
148.000,50.200,7.600,0.000
112.000,96.600,-4.000,0.000
103.000,107.400,-2.800,0.000
97.000,112.600,-2.000,0.000
82.000,118.600,0.000,0.000
73.000,117.400,1.200,0.000
70.000,116.200,1.600,0.000
55.000,104.200,3.600,0.000
31.000,64.200,6.800,0.000
19.000,34.600,8.400,1.000
7.000,64.200,-6.400,0.000
1.000,76.600,-5.600,0.000
-5.000,87.400,-4.800,0.000
-20.000,107.400,-2.800,0.000
-38.000,118.200,-0.400,0.000
-50.000,117.400,1.200,0.000
-59.000,112.600,2.400,0.000
-68.000,104.200,3.600,0.000
-89.000,70.600,6.400,0.000
-101.000,87.000,-6.800,0.000
-113.000,111.800,-5.200,0.000
-116.000,117.000,-4.800,0.000
-131.000,137.000,-2.800,0.000
-137.000,142.200,-2.000,0.000
-143.000,145.800,-1.200,0.000
-149.000,147.800,-0.400,0.000
328.000,104.200,8.000,0.000
313.000,60.200,10.000,0.000
289.000,81.800,-5.600,0.000
286.000,87.400,-5.200,0.000
283.000,92.600,-4.800,0.000
280.000,97.400,-4.400,0.000
247.000,123.800,0.000,0.000
232.000,119.800,2.000,0.000
229.000,117.800,2.400,0.000
220.000,109.400,3.600,0.000
211.000,97.400,4.800,0.000
202.000,81.800,6.000,0.000
172.000,69.400,-6.400,0.000
166.000,81.800,-5.600,0.000
148.000,109.400,-3.200,0.000
139.000,117.800,-2.000,0.000
133.000,121.400,-1.200,0.000
106.000,117.800,2.400,0.000
70.000,62.600,7.200,0.000
64.000,47.800,8.000,0.000
58.000,31.400,8.800,0.000
49.000,21.400,-7.600,0.000
22.000,75.400,-4.000,0.000
7.000,91.400,-2.000,0.000
4.000,93.400,-1.600,0.000
-8.000,97.400,0.000,0.000
-14.000,97.000,0.800,0.000
-20.000,95.000,1.600,0.000
-44.000,71.000,4.800,0.000
-53.000,55.400,6.000,0.000
-65.000,85.000,-6.400,0.000
-68.000,91.400,-6.000,0.000
-119.000,139.000,0.800,0.000
-125.000,137.000,1.600,0.000
-128.000,135.400,2.000,0.000
-137.000,128.200,3.200,0.000
-152.000,108.200,5.200,0.000
-155.000,116.200,-7.600,0.000
367.000,-68.200,-5.200,0.000
364.000,-63.000,-4.800,0.000
337.000,-34.200,-1.200,0.000
331.000,-32.200,-0.400,0.000
286.000,15.000,-4.800,0.000
271.000,35.000,-2.800,0.000
268.000,37.800,-2.400,0.000
265.000,40.200,-2.000,0.000
241.000,45.000,1.200,0.000
235.000,42.200,2.000,0.000
232.000,40.200,2.400,0.000
205.000,4.200,6.000,1.000
199.000,19.800,-7.200,0.000
172.000,70.200,-3.600,0.000
169.000,73.800,-3.200,0.000
163.000,79.800,-2.400,0.000
136.000,87.000,1.200,0.000
121.000,77.000,3.200,0.000
112.000,66.200,4.400,0.000
85.000,12.200,8.000,0.000
82.000,4.200,8.400,0.000
79.000,-4.200,8.800,1.000
64.000,31.800,-6.000,0.000
46.000,61.800,-3.600,0.000
40.000,68.600,-2.800,0.000
34.000,73.800,-2.000,0.000
31.000,75.800,-1.600,0.000
-2.000,71.400,2.800,0.000
-8.000,65.400,3.600,0.000
-38.000,110.600,-4.800,0.000
-41.000,115.400,-4.400,0.000
-74.000,141.800,0.000,0.000
-77.000,141.800,0.400,0.000
-89.000,137.800,2.000,0.000
-116.000,105.400,5.600,0.000
-119.000,99.800,6.000,0.000
-125.000,87.400,6.800,0.000
-143.000,40.600,9.200,0.000
-146.000,31.400,9.600,0.000
-149.000,21.800,10.000,0.000
-158.000,-9.400,11.200,1.000
355.000,112.200,-4.400,0.000
310.000,136.200,1.600,0.000
292.000,120.600,4.000,0.000
289.000,116.600,4.400,0.000
277.000,96.600,6.000,0.000
274.000,90.600,6.400,0.000
262.000,62.600,8.000,0.000
256.000,46.200,8.800,0.000
232.000,85.000,-5.200,0.000
208.000,115.400,-2.000,0.000
193.000,121.400,0.000,0.000
184.000,120.200,1.200,0.000
181.000,119.000,1.600,0.000
133.000,45.400,8.000,0.000
121.000,11.000,9.600,1.000
109.000,40.600,-6.400,0.000
85.000,80.600,-3.200,0.000
79.000,86.600,-2.400,0.000
58.000,95.000,0.400,0.000
40.000,86.600,2.800,0.000
34.000,80.600,3.600,0.000
22.000,63.800,5.200,0.000
10.000,40.600,6.800,1.000
-26.000,110.200,-3.200,0.000
-47.000,124.200,-0.400,0.000
-50.000,124.600,0.000,0.000
-62.000,122.200,1.600,0.000
-80.000,106.600,4.000,0.000
-89.000,93.400,5.200,0.000
-98.000,76.600,6.400,1.000
-110.000,106.200,-6.400,0.000
-116.000,118.600,-5.600,0.000
-146.000,156.600,-1.600,0.000
304.000,114.200,-6.800,0.000
301.000,121.000,-6.400,0.000
256.000,175.000,-0.400,0.000
250.000,175.400,0.400,0.000
235.000,169.400,2.400,0.000
229.000,164.200,3.200,0.000
223.000,157.400,4.000,0.000
172.000,35.000,10.800,1.000
163.000,57.800,-6.800,0.000
160.000,64.600,-6.400,0.000
157.000,71.000,-6.000,0.000
136.000,104.600,-3.200,0.000
130.000,110.600,-2.400,0.000
124.000,115.000,-1.600,0.000
121.000,116.600,-1.200,0.000
109.000,119.000,0.400,0.000
91.000,110.600,2.800,0.000
79.000,97.000,4.400,0.000
76.000,92.600,4.800,0.000
70.000,82.600,5.600,0.000
61.000,64.600,6.800,0.000
49.000,80.600,-6.800,0.000
40.000,99.800,-5.600,0.000
34.000,110.600,-4.800,0.000
4.000,140.600,-0.800,0.000
-8.000,141.400,0.800,0.000
-50.000,93.800,6.400,0.000
-68.000,49.400,8.800,0.000
-71.000,40.600,9.200,1.000
-89.000,82.600,-5.600,0.000
-104.000,106.600,-3.600,0.000
-110.000,113.400,-2.800,0.000
-161.000,106.600,4.000,0.000
373.000,226.200,4.800,0.000
361.000,204.600,6.400,0.000
349.000,176.600,8.000,0.000
346.000,168.600,8.400,0.000
325.000,101.400,11.200,0.000
310.000,41.400,13.200,1.000
295.000,77.400,-6.000,0.000
289.000,89.000,-5.200,0.000
277.000,107.400,-3.600,0.000
265.000,119.400,-2.000,0.000
262.000,121.400,-1.600,0.000
250.000,125.400,0.000,0.000
232.000,119.400,2.400,0.000
229.000,117.000,2.800,0.000
220.000,107.400,4.000,0.000
196.000,64.200,7.200,0.000
190.000,49.400,8.000,0.000
184.000,33.000,8.800,1.000
178.000,48.600,-7.200,0.000
160.000,85.800,-4.800,0.000
139.000,111.000,-2.000,0.000
133.000,114.600,-1.200,0.000
127.000,116.600,-0.400,0.000
91.000,95.000,4.400,0.000
85.000,85.800,5.200,0.000
61.000,33.000,8.400,1.000
34.000,90.600,-4.400,0.000
31.000,95.000,-4.000,0.000
28.000,99.000,-3.600,0.000
22.000,105.800,-2.800,0.000
19.000,108.600,-2.400,0.000
13.000,113.000,-1.600,0.000
4.000,116.600,-0.400,0.000
-8.000,115.800,1.200,0.000
-50.000,77.000,-7.600,0.000
-56.000,91.800,-6.800,0.000
-65.000,111.000,-5.600,0.000
-68.000,116.600,-5.200,0.000
-80.000,135.000,-3.600,0.000
-101.000,151.800,-0.800,0.000
-110.000,153.000,0.400,0.000
-134.000,138.600,3.600,0.000
-146.000,121.800,5.200,0.000
-152.000,111.000,6.000,0.000
355.000,55.000,10.400,0.000
352.000,44.600,10.800,1.000
349.000,52.600,-7.600,0.000
346.000,60.200,-7.200,0.000
343.000,67.400,-6.800,0.000
334.000,86.600,-5.600,0.000
325.000,102.200,-4.400,0.000
292.000,128.600,0.000,0.000
286.000,128.200,0.800,0.000
280.000,126.200,1.600,0.000
250.000,92.200,5.600,0.000
223.000,27.400,9.200,1.000
220.000,35.400,-7.600,0.000
217.000,43.000,-7.200,0.000
211.000,57.000,-6.400,0.000
205.000,69.400,-5.600,0.000
199.000,80.200,-4.800,0.000
193.000,89.400,-4.000,0.000
190.000,93.400,-3.600,0.000
181.000,103.000,-2.400,0.000
163.000,111.400,0.000,0.000
139.000,100.200,3.200,0.000
133.000,93.400,4.000,0.000
118.000,69.400,6.000,0.000
97.000,19.000,8.800,1.000
94.000,27.000,-7.600,0.000
91.000,34.600,-7.200,0.000
82.000,55.000,-6.000,0.000
73.000,71.800,-4.800,0.000
25.000,100.600,1.600,0.000
22.000,99.000,2.000,0.000
-8.000,61.000,6.000,0.000
-17.000,41.800,7.200,1.000
-20.000,49.800,-7.600,0.000
-29.000,71.400,-6.400,0.000
-32.000,77.800,-6.000,0.000
-50.000,107.800,-3.600,0.000
-56.000,114.600,-2.800,0.000
-68.000,123.400,-1.200,0.000
-95.000,119.800,2.400,0.000
-113.000,99.400,4.800,0.000
-125.000,77.800,6.400,1.000
-137.000,107.400,-6.400,0.000
-155.000,139.800,-4.000,0.000
-161.000,147.400,-3.200,0.000
373.000,121.400,-2.400,0.000
367.000,125.800,-1.600,0.000
334.000,121.400,2.800,0.000
319.000,103.400,4.800,0.000
316.000,98.600,5.200,0.000
292.000,45.800,8.400,1.000
286.000,61.400,-7.200,0.000
277.000,81.800,-6.000,0.000
256.000,115.400,-3.200,0.000
229.000,129.800,0.400,0.000
202.000,111.800,4.000,0.000
199.000,107.800,4.400,0.000
193.000,98.600,5.200,0.000
157.000,103.400,-5.600,0.000
148.000,119.000,-4.400,0.000
142.000,127.400,-3.600,0.000
136.000,134.200,-2.800,0.000
115.000,145.400,0.000,0.000
112.000,145.400,0.400,0.000
94.000,137.000,2.800,0.000
64.000,91.000,6.800,0.000
55.000,69.400,8.000,0.000
37.000,67.000,-6.800,0.000
22.000,97.000,-4.800,0.000
1.000,122.200,-2.000,0.000
-2.000,124.200,-1.600,0.000
-5.000,125.800,-1.200,0.000
-11.000,127.800,-0.400,0.000
-20.000,127.800,0.800,0.000
-23.000,127.000,1.200,0.000
-38.000,117.000,3.200,0.000
-44.000,110.200,4.000,0.000
-47.000,106.200,4.400,0.000
-56.000,91.800,5.600,0.000
-71.000,59.800,7.600,0.000
-77.000,75.400,-7.200,0.000
-122.000,141.400,-1.200,0.000
-137.000,143.400,0.800,0.000
-140.000,142.600,1.200,0.000
-146.000,139.800,2.000,0.000
364.000,133.800,6.000,0.000
355.000,114.600,7.200,0.000
349.000,99.800,8.000,0.000
331.000,45.800,10.400,1.000
316.000,81.800,-6.000,0.000
241.000,111.800,4.000,0.000
232.000,98.600,5.200,0.000
214.000,61.400,7.600,0.000
205.000,37.400,8.800,0.000
184.000,85.000,-5.200,0.000
178.000,95.000,-4.400,0.000
175.000,99.400,-4.000,0.000
151.000,120.200,-0.800,0.000
124.000,113.000,2.800,0.000
121.000,110.200,3.200,0.000
88.000,53.000,7.600,0.000
76.000,68.200,-6.800,0.000
64.000,93.000,-5.200,0.000
19.000,129.000,0.800,0.000
13.000,127.000,1.600,0.000
10.000,125.400,2.000,0.000
-2.000,115.000,3.600,0.000
-17.000,93.000,5.600,0.000
-23.000,81.400,6.400,0.000
-32.000,61.000,7.600,0.000
-41.000,83.800,-6.800,0.000
-44.000,90.600,-6.400,0.000
-53.000,108.600,-5.200,0.000
-77.000,139.000,-2.000,0.000
-128.000,118.600,4.800,0.000
-143.000,118.600,-7.200,0.000
-158.000,150.600,-5.200,0.000
337.000,-61.000,-7.600,0.000
334.000,-53.400,-7.200,0.000
331.000,-46.200,-6.800,0.000
325.000,-33.000,-6.000,0.000
271.000,13.800,1.200,0.000
268.000,12.600,1.600,0.000
256.000,3.800,3.200,1.000
226.000,65.800,-4.000,0.000
220.000,73.400,-3.200,0.000
211.000,81.800,-2.000,0.000
205.000,85.400,-1.200,0.000
196.000,87.800,0.000,0.000
178.000,81.800,2.400,0.000
172.000,76.600,3.200,0.000
166.000,69.800,4.000,0.000
163.000,65.800,4.400,0.000
145.000,47.800,-7.600,0.000
139.000,62.600,-6.800,0.000
136.000,69.400,-6.400,0.000
133.000,75.800,-6.000,0.000
121.000,97.400,-4.400,0.000
103.000,117.800,-2.000,0.000
100.000,119.800,-1.600,0.000
76.000,121.400,1.600,0.000
73.000,119.800,2.000,0.000
22.000,31.400,8.800,1.000
19.000,39.400,-7.600,0.000
13.000,54.200,-6.800,0.000
-17.000,104.200,-2.800,0.000
-29.000,113.000,-1.200,0.000
-53.000,111.400,2.000,0.000
-68.000,97.400,4.000,0.000
-77.000,84.200,5.200,0.000
-92.000,54.200,7.200,1.000
-101.000,77.000,-6.800,0.000
-110.000,96.200,-5.600,0.000
-116.000,107.000,-4.800,0.000
-119.000,111.800,-4.400,0.000
-155.000,138.200,0.400,0.000
-161.000,137.000,1.200,0.000
346.000,293.800,5.600,0.000
340.000,282.200,6.400,0.000
337.000,275.800,6.800,0.000
322.000,237.800,8.800,0.000
313.000,210.200,10.000,0.000
295.000,144.200,12.400,0.000
232.000,188.600,-0.800,0.000
199.000,175.400,3.600,0.000
190.000,163.400,4.800,0.000
187.000,158.600,5.200,0.000
172.000,128.600,7.200,0.000
166.000,113.800,8.000,0.000
148.000,59.800,10.400,0.000
133.000,3.800,12.400,1.000
124.000,26.600,-6.800,0.000
85.000,83.800,-1.600,0.000
76.000,87.400,-0.400,0.000
73.000,87.800,0.000,0.000
67.000,87.400,0.800,0.000
61.000,85.400,1.600,0.000
46.000,73.400,3.600,0.000
40.000,65.800,4.400,0.000
37.000,61.400,4.800,0.000
4.000,75.400,-5.600,0.000
-14.000,103.000,-3.200,0.000
-17.000,106.200,-2.800,0.000
-23.000,111.400,-2.000,0.000
-50.000,115.000,1.600,0.000
-59.000,109.000,2.800,0.000
-65.000,103.000,3.600,0.000
-80.000,81.000,5.600,0.000
-86.000,69.400,6.400,1.000
-95.000,92.200,-6.800,0.000
-98.000,99.000,-6.400,0.000
-137.000,151.000,-1.200,0.000
-140.000,152.200,-0.800,0.000
-152.000,153.000,0.800,0.000
373.000,209.000,2.800,0.000
334.000,141.400,8.000,0.000
328.000,125.000,8.800,0.000
322.000,107.000,9.600,0.000
319.000,97.400,10.000,0.000
301.000,31.400,12.400,1.000
298.000,39.400,-7.600,0.000
277.000,84.200,-4.800,0.000
274.000,89.000,-4.400,0.000
223.000,109.400,2.400,0.000
214.000,101.000,3.600,0.000
193.000,67.400,6.400,0.000
187.000,54.200,7.200,0.000
172.000,31.000,-7.600,0.000
160.000,59.000,-6.000,0.000
154.000,70.600,-5.200,0.000
112.000,107.000,0.400,0.000
97.000,101.000,2.400,0.000
82.000,85.000,4.400,0.000
37.000,44.200,-6.400,0.000
34.000,50.600,-6.000,0.000
28.000,62.200,-5.200,0.000
19.000,76.600,-4.000,0.000
-2.000,96.200,-1.200,0.000
-8.000,98.200,-0.400,0.000
-17.000,98.200,0.800,0.000
-32.000,90.200,2.800,0.000
-35.000,87.400,3.200,0.000
-47.000,72.200,4.800,0.000
-56.000,56.600,6.000,0.000
-59.000,50.600,6.400,0.000
-74.000,73.800,-6.400,0.000
-86.000,97.000,-4.800,0.000
-92.000,106.200,-4.000,0.000
-98.000,113.800,-3.200,0.000
-101.000,117.000,-2.800,0.000
-104.000,119.800,-2.400,0.000
-116.000,127.000,-0.800,0.000
-119.000,127.800,-0.400,0.000
-134.000,125.800,1.600,0.000
-143.000,119.800,2.800,0.000
-152.000,110.200,4.000,0.000
373.000,86.200,6.000,0.000
370.000,80.200,6.400,0.000
364.000,67.000,7.200,1.000
358.000,82.600,-7.200,0.000
340.000,119.800,-4.800,0.000
307.000,150.600,-0.400,0.000
301.000,151.000,0.400,0.000
292.000,148.600,1.600,0.000
289.000,147.000,2.000,0.000
235.000,49.800,9.200,1.000
217.000,91.800,-5.600,0.000
211.000,102.600,-4.800,0.000
184.000,131.400,-1.200,0.000
172.000,133.800,0.400,0.000
163.000,131.400,1.600,0.000
157.000,127.800,2.400,0.000
154.000,125.400,2.800,0.000
148.000,119.400,3.600,0.000
121.000,72.600,7.200,0.000
109.000,41.400,8.800,0.000
106.000,32.600,9.200,0.000
103.000,23.400,9.600,0.000
94.000,29.400,-7.200,0.000
88.000,43.400,-6.400,0.000
55.000,91.800,-2.000,0.000
37.000,97.800,0.400,0.000
34.000,97.400,0.800,0.000
28.000,95.400,1.600,0.000
22.000,91.800,2.400,0.000
10.000,79.800,4.000,0.000
-8.000,49.800,6.400,0.000
-11.000,43.400,6.800,1.000
-26.000,79.400,-6.000,0.000
-32.000,91.000,-5.200,0.000
-56.000,121.400,-2.000,0.000
-74.000,127.400,0.400,0.000
-77.000,127.000,0.800,0.000
-89.000,121.400,2.400,0.000
-101.000,109.400,4.000,0.000
-125.000,66.200,7.200,1.000
-128.000,74.200,-7.600,0.000
-143.000,108.200,-5.600,0.000
367.000,18.200,-1.600,0.000
352.000,22.200,0.400,0.000
349.000,21.800,0.800,0.000
325.000,4.200,4.000,0.000
319.000,-4.200,4.800,1.000
304.000,31.800,-6.000,0.000
301.000,37.800,-5.600,0.000
298.000,43.400,-5.200,0.000
289.000,57.800,-4.000,0.000
253.000,79.400,0.800,0.000
220.000,48.600,5.200,1.000
193.000,106.200,-4.400,0.000
181.000,121.400,-2.800,0.000
172.000,128.600,-1.600,0.000
154.000,132.200,0.800,0.000
127.000,110.600,4.400,0.000
112.000,84.600,6.400,0.000
103.000,64.200,7.600,0.000
85.000,78.200,-6.400,0.000
70.000,106.200,-4.400,0.000
61.000,118.200,-3.200,0.000
46.000,130.200,-1.200,0.000
28.000,131.400,1.200,0.000
16.000,124.200,2.800,0.000
13.000,121.400,3.200,0.000
4.000,110.600,4.400,0.000
-20.000,64.200,7.600,0.000
-47.000,121.800,-4.400,0.000
-80.000,148.200,0.000,0.000
-83.000,148.200,0.400,0.000
-89.000,147.000,1.200,0.000
-98.000,142.200,2.400,0.000
-104.000,137.000,3.200,0.000
-122.000,111.800,5.600,0.000
-125.000,106.200,6.000,0.000
-128.000,100.200,6.400,0.000
-140.000,116.600,-6.800,0.000
376.000,31.800,-3.600,0.000
370.000,38.600,-2.800,0.000
331.000,43.800,2.400,0.000
328.000,41.400,2.800,0.000
316.000,27.800,4.400,1.000
304.000,57.400,-6.400,0.000
301.000,63.800,-6.000,0.000
289.000,85.400,-4.400,0.000
286.000,89.800,-4.000,0.000
265.000,109.400,-1.200,0.000
262.000,110.600,-0.800,0.000
247.000,110.600,1.200,0.000
232.000,100.600,3.200,0.000
226.000,93.800,4.000,0.000
193.000,27.800,8.400,1.000
169.000,80.600,-4.800,0.000
151.000,103.400,-2.400,0.000
133.000,111.800,0.000,0.000
115.000,105.800,2.400,0.000
103.000,93.800,4.000,0.000
85.000,63.800,6.400,0.000
61.000,79.400,-6.000,0.000
49.000,101.000,-4.400,0.000
46.000,105.400,-4.000,0.000
37.000,116.200,-2.800,0.000
13.000,127.400,0.400,0.000
-11.000,113.000,3.600,0.000
-20.000,101.000,4.800,0.000
-26.000,91.000,5.600,0.000
-29.000,85.400,6.000,0.000
-32.000,79.400,6.400,0.000
-44.000,51.400,8.000,1.000
-53.000,74.200,-6.800,0.000
-56.000,81.000,-6.400,0.000
-77.000,117.400,-3.600,0.000
-83.000,124.200,-2.800,0.000
-86.000,127.000,-2.400,0.000
-92.000,131.400,-1.600,0.000
-125.000,127.000,2.800,0.000
-137.000,113.400,4.400,0.000
-158.000,74.200,7.200,0.000
376.000,59.400,8.000,1.000
349.000,117.000,-4.400,0.000
346.000,121.400,-4.000,0.000
328.000,139.400,-1.600,0.000
313.000,143.400,0.400,0.000
310.000,143.000,0.800,0.000
307.000,142.200,1.200,0.000
280.000,117.000,4.800,0.000
268.000,95.400,6.400,0.000
262.000,82.200,7.200,0.000
259.000,75.000,7.600,0.000
256.000,67.400,8.000,0.000
253.000,59.400,8.400,1.000
244.000,82.200,-6.800,0.000
241.000,89.000,-6.400,0.000
235.000,101.400,-5.600,0.000
226.000,117.000,-4.400,0.000
211.000,135.000,-2.400,0.000
208.000,137.400,-2.000,0.000
202.000,141.000,-1.200,0.000
187.000,143.000,0.800,0.000
178.000,139.400,2.000,0.000
166.000,129.000,3.600,0.000
163.000,125.400,4.000,0.000
157.000,117.000,4.800,0.000
154.000,112.200,5.200,0.000
139.000,82.200,7.200,0.000
127.000,51.000,8.800,1.000
118.000,73.800,-6.800,0.000
103.000,103.800,-4.800,0.000
82.000,129.000,-2.000,0.000
67.000,135.000,0.000,0.000
64.000,135.000,0.400,0.000
58.000,133.800,1.200,0.000
49.000,129.000,2.400,0.000
46.000,126.600,2.800,0.000
43.000,123.800,3.200,0.000
40.000,120.600,3.600,0.000
34.000,113.000,4.400,0.000
28.000,103.800,5.200,0.000
13.000,73.800,7.200,0.000
7.000,59.000,8.000,0.000
-32.000,131.800,-2.800,0.000
-74.000,134.600,2.800,0.000
-92.000,111.800,5.200,0.000
-116.000,90.200,-7.200,0.000
-122.000,104.200,-6.400,0.000
-140.000,136.600,-4.000,0.000
-158.000,154.600,-1.600,0.000
367.000,254.600,0.400,0.000
361.000,253.400,1.200,0.000
343.000,240.200,3.600,0.000
304.000,162.200,8.800,0.000
301.000,153.400,9.200,0.000
295.000,134.600,10.000,0.000
292.000,124.600,10.400,0.000
265.000,16.600,14.000,1.000
262.000,24.600,-7.600,0.000
256.000,39.400,-6.800,0.000
253.000,46.200,-6.400,0.000
247.000,58.600,-5.600,0.000
244.000,64.200,-5.200,0.000
226.000,89.400,-2.800,0.000
220.000,94.600,-2.000,0.000
196.000,99.400,1.200,0.000
184.000,92.200,2.800,0.000
163.000,64.200,5.600,0.000
154.000,46.200,6.800,1.000
151.000,54.200,-7.600,0.000
139.000,82.200,-6.000,0.000
118.000,115.800,-3.200,0.000
109.000,124.200,-2.000,0.000
106.000,126.200,-1.600,0.000
91.000,130.200,0.400,0.000
82.000,127.800,1.600,0.000
64.000,112.200,4.000,0.000
46.000,82.200,6.400,0.000
34.000,54.200,8.000,0.000
31.000,46.200,8.400,0.000
28.000,37.800,8.800,1.000
10.000,79.800,-5.600,0.000
-2.000,99.800,-4.000,0.000
-8.000,107.400,-3.200,0.000
-11.000,110.600,-2.800,0.000
-38.000,121.400,0.800,0.000
-53.000,113.400,2.800,0.000
-59.000,107.400,3.600,0.000
-62.000,103.800,4.000,0.000
-68.000,95.400,4.800,0.000
-98.000,29.400,8.800,1.000
-119.000,77.000,-5.200,0.000
-125.000,87.000,-4.400,0.000
-134.000,99.000,-3.200,0.000
-137.000,102.200,-2.800,0.000
-140.000,105.000,-2.400,0.000
373.000,48.200,1.200,0.000
370.000,47.000,1.600,0.000
364.000,43.400,2.400,0.000
352.000,31.400,4.000,0.000
349.000,27.400,4.400,0.000
346.000,23.000,4.800,0.000
337.000,7.400,6.000,1.000
334.000,15.400,-7.600,0.000
328.000,30.200,-6.800,0.000
325.000,37.000,-6.400,0.000
319.000,49.400,-5.600,0.000
307.000,69.400,-4.000,0.000
277.000,91.400,0.000,0.000
274.000,91.400,0.400,0.000
268.000,90.200,1.200,0.000
247.000,73.400,4.000,0.000
244.000,69.400,4.400,0.000
214.000,91.400,-5.600,0.000
205.000,107.000,-4.400,0.000
190.000,125.000,-2.400,0.000
187.000,127.400,-2.000,0.000
184.000,129.400,-1.600,0.000
178.000,132.200,-0.800,0.000
175.000,133.000,-0.400,0.000
163.000,132.200,1.200,0.000
118.000,72.200,7.200,0.000
91.000,61.800,-6.400,0.000
88.000,68.200,-6.000,0.000
85.000,74.200,-5.600,0.000
61.000,107.800,-2.400,0.000
49.000,115.000,-0.800,0.000
34.000,115.000,1.200,0.000
31.000,113.800,1.600,0.000
7.000,89.800,4.800,0.000
4.000,85.000,5.200,0.000
-41.000,127.800,-3.600,0.000
-53.000,139.800,-2.000,0.000
-59.000,143.400,-1.200,0.000
-77.000,144.600,1.200,0.000
-122.000,84.600,7.200,0.000
-125.000,77.400,7.600,0.000
-152.000,135.000,-4.400,0.000
-161.000,147.000,-3.200,0.000
370.000,155.400,-2.000,0.000
367.000,157.400,-1.600,0.000
346.000,160.200,1.200,0.000
337.000,155.400,2.400,0.000
328.000,147.000,3.600,0.000
316.000,130.200,5.200,0.000
307.000,113.400,6.400,0.000
292.000,77.400,8.400,0.000
286.000,60.200,9.200,1.000
253.000,126.200,-3.600,0.000
238.000,140.200,-1.600,0.000
220.000,143.800,0.800,0.000
214.000,141.800,1.600,0.000
199.000,129.800,3.600,0.000
190.000,117.800,4.800,0.000
178.000,96.200,6.400,0.000
175.000,89.800,6.800,0.000
172.000,83.000,7.200,0.000
163.000,60.200,8.400,1.000
157.000,75.800,-7.200,0.000
154.000,83.000,-6.800,0.000
145.000,102.200,-5.600,0.000
136.000,117.800,-4.400,0.000
133.000,122.200,-4.000,0.000
130.000,126.200,-3.600,0.000
103.000,144.200,0.000,0.000
79.000,133.000,3.200,0.000
43.000,68.200,8.000,0.000
37.000,51.800,8.800,0.000
34.000,43.000,9.200,1.000
31.000,51.000,-7.600,0.000
28.000,58.600,-7.200,0.000
7.000,100.600,-4.400,0.000
-8.000,118.600,-2.400,0.000
-17.000,124.600,-1.200,0.000
-35.000,125.800,1.200,0.000
-77.000,72.600,6.800,0.000
-80.000,65.800,7.200,1.000
-89.000,88.600,-6.800,0.000
-95.000,101.800,-6.000,0.000
-119.000,138.600,-2.800,0.000
-122.000,141.400,-2.400,0.000
-134.000,148.600,-0.800,0.000
-140.000,149.800,0.000,0.000
361.000,214.600,5.200,0.000
358.000,209.400,5.600,0.000
346.000,184.600,7.200,0.000
343.000,177.400,7.600,0.000
328.000,135.400,9.600,1.000
322.000,151.000,-7.200,0.000
301.000,193.000,-4.400,0.000
298.000,197.400,-4.000,0.000
295.000,201.400,-3.600,0.000
262.000,219.000,0.800,0.000
232.000,193.000,4.800,0.000
202.000,127.000,8.800,0.000
196.000,109.000,9.600,0.000
181.000,57.000,11.600,0.000
178.000,45.400,12.000,0.000
175.000,33.400,12.400,0.000
163.000,63.000,-6.400,0.000
151.000,86.200,-4.800,0.000
145.000,95.400,-4.000,0.000
133.000,109.000,-2.400,0.000
127.000,113.400,-1.600,0.000
106.000,116.200,1.200,0.000
79.000,91.000,4.800,0.000
73.000,81.000,5.600,0.000
70.000,75.400,6.000,0.000
67.000,69.400,6.400,0.000
55.000,41.400,8.000,0.000
49.000,25.000,8.800,0.000
46.000,16.200,9.200,0.000
28.000,58.200,-5.600,0.000
25.000,63.800,-5.200,0.000
-11.000,99.800,-0.400,0.000
-50.000,73.800,4.800,0.000
-65.000,45.800,6.800,1.000
-92.000,103.400,-4.400,0.000
-116.000,127.400,-1.200,0.000
-137.000,127.400,1.600,0.000
361.000,68.600,7.200,1.000
346.000,104.600,-6.000,0.000
331.000,130.600,-4.000,0.000
325.000,138.200,-3.200,0.000
289.000,150.200,1.600,0.000
283.000,146.600,2.400,0.000
277.000,141.400,3.200,0.000
247.000,91.400,7.200,0.000
244.000,84.200,7.600,0.000
238.000,68.600,8.400,0.000
232.000,68.200,-7.600,0.000
223.000,89.800,-6.400,0.000
196.000,133.000,-2.800,0.000
184.000,141.800,-1.200,0.000
181.000,143.000,-0.800,0.000
175.000,144.200,0.000,0.000
163.000,141.800,1.600,0.000
160.000,140.200,2.000,0.000
157.000,138.200,2.400,0.000
142.000,122.200,4.400,0.000
106.000,43.000,9.200,0.000
91.000,47.000,-6.800,0.000
61.000,97.000,-2.800,0.000
52.000,104.200,-1.600,0.000
40.000,108.200,0.000,0.000
37.000,108.200,0.400,0.000
31.000,107.000,1.200,0.000
28.000,105.800,1.600,0.000
-14.000,47.000,7.200,0.000
-20.000,32.200,8.000,1.000
-35.000,68.200,-6.000,0.000
-41.000,79.800,-5.200,0.000
-62.000,107.800,-2.400,0.000
-68.000,112.200,-1.600,0.000
-101.000,107.800,2.800,0.000
-131.000,61.800,6.800,0.000
-134.000,69.800,-7.600,0.000
-143.000,91.400,-6.400,0.000
-152.000,109.400,-5.200,0.000
-158.000,119.400,-4.400,0.000
-161.000,123.800,-4.000,0.000
358.000,111.400,-1.200,0.000
355.000,112.600,-0.800,0.000
343.000,113.400,0.800,0.000
331.000,107.800,2.400,0.000
307.000,77.400,5.600,0.000
304.000,71.800,6.000,0.000
298.000,59.400,6.800,0.000
292.000,45.400,7.600,0.000
289.000,37.800,8.000,0.000
277.000,67.400,-6.400,0.000
274.000,73.800,-6.000,0.000
232.000,121.400,-0.400,0.000
223.000,121.400,0.800,0.000
214.000,117.800,2.000,0.000
193.000,95.400,4.800,0.000
184.000,79.800,6.000,0.000
181.000,73.800,6.400,0.000
157.000,28.600,-7.600,0.000
145.000,56.600,-6.000,0.000
142.000,62.600,-5.600,0.000
127.000,86.600,-3.600,0.000
103.000,104.200,-0.400,0.000
76.000,93.400,3.200,0.000
58.000,68.200,5.600,0.000
49.000,50.200,6.800,0.000
40.000,44.200,-7.600,0.000
34.000,59.000,-6.800,0.000
19.000,89.000,-4.800,0.000
16.000,93.800,-4.400,0.000
-14.000,119.800,-0.400,0.000
-20.000,120.200,0.400,0.000
-23.000,119.800,0.800,0.000
-53.000,93.800,4.800,0.000
-56.000,89.000,5.200,0.000
-101.000,131.800,-3.600,0.000
-107.000,138.600,-2.800,0.000
-131.000,149.800,0.400,0.000
-140.000,147.400,1.600,0.000
-161.000,127.800,4.400,0.000
373.000,150.600,5.200,0.000
370.000,145.400,5.600,0.000
361.000,127.400,6.800,0.000
352.000,105.800,8.000,0.000
325.000,150.600,-4.800,0.000
313.000,167.400,-3.200,0.000
292.000,181.400,-0.400,0.000
280.000,180.600,1.200,0.000
277.000,179.400,1.600,0.000
262.000,167.400,3.600,0.000
256.000,159.800,4.400,0.000
241.000,133.800,6.400,0.000
235.000,120.600,7.200,0.000
229.000,105.800,8.000,0.000
181.000,83.400,-4.800,0.000
178.000,88.200,-4.400,0.000
175.000,92.600,-4.000,0.000
166.000,103.400,-2.800,0.000
157.000,110.600,-1.600,0.000
148.000,114.200,-0.400,0.000
145.000,114.600,0.000,0.000
139.000,114.200,0.800,0.000
133.000,112.200,1.600,0.000
109.000,88.200,4.800,0.000
97.000,66.600,6.400,0.000
82.000,30.600,8.400,1.000
52.000,92.600,-4.000,0.000
49.000,96.600,-3.600,0.000
37.000,108.600,-2.000,0.000
34.000,110.600,-1.600,0.000
31.000,112.200,-1.200,0.000
25.000,114.200,-0.400,0.000
16.000,114.200,0.800,0.000
1.000,106.200,2.800,0.000
-17.000,83.400,5.200,0.000
-23.000,72.600,6.000,0.000
-32.000,68.200,-7.600,0.000
-41.000,89.800,-6.400,0.000
-95.000,143.800,0.800,0.000
-116.000,129.800,3.600,0.000
-125.000,117.800,4.800,0.000
-137.000,96.200,6.400,0.000
-149.000,68.200,8.000,0.000
-152.000,76.200,-7.600,0.000
-158.000,91.000,-6.800,0.000
-161.000,97.800,-6.400,0.000
376.000,72.200,-6.000,0.000
373.000,78.200,-5.600,0.000
367.000,89.000,-4.800,0.000
352.000,109.000,-2.800,0.000
343.000,116.200,-1.600,0.000
337.000,119.000,-0.800,0.000
325.000,119.800,0.800,0.000
316.000,116.200,2.000,0.000
313.000,114.200,2.400,0.000
307.000,109.000,3.200,0.000
301.000,102.200,4.000,0.000
295.000,93.800,4.800,0.000
292.000,89.000,5.200,0.000
277.000,59.000,7.200,1.000
271.000,74.600,-7.200,0.000
268.000,81.800,-6.800,0.000
250.000,116.600,-4.400,0.000
247.000,121.000,-4.000,0.000
235.000,134.600,-2.400,0.000
205.000,140.600,1.600,0.000
160.000,74.600,7.600,0.000
148.000,41.800,9.200,0.000
139.000,13.000,10.400,1.000
136.000,21.000,-7.600,0.000
118.000,60.600,-5.200,0.000
88.000,94.600,-1.200,0.000
70.000,95.800,1.200,0.000
64.000,93.000,2.000,0.000
55.000,85.800,3.200,0.000
52.000,82.600,3.600,0.000
7.000,77.800,-5.600,0.000
4.000,83.400,-5.200,0.000
-2.000,93.400,-4.400,0.000
-23.000,115.800,-1.600,0.000
-65.000,101.800,4.000,0.000
-80.000,77.800,6.000,0.000
-86.000,65.400,6.800,1.000
-101.000,101.400,-6.000,0.000
-125.000,138.200,-2.800,0.000
-143.000,149.000,-0.400,0.000
-146.000,149.400,0.000,0.000
-161.000,145.400,2.000,0.000
355.000,150.200,5.200,0.000
334.000,105.400,8.000,0.000
316.000,118.600,-6.400,0.000
298.000,151.000,-4.000,0.000
295.000,155.000,-3.600,0.000
292.000,158.600,-3.200,0.000
274.000,171.800,-0.800,0.000
256.000,170.600,1.600,0.000
241.000,158.600,3.600,0.000
211.000,104.600,7.600,0.000
175.000,138.200,-4.400,0.000
163.000,153.400,-2.800,0.000
157.000,158.600,-2.000,0.000
136.000,164.200,0.800,0.000
133.000,163.400,1.200,0.000
127.000,160.600,2.000,0.000
124.000,158.600,2.400,0.000
115.000,150.200,3.600,0.000
97.000,122.600,6.000,0.000
76.000,72.200,8.800,0.000
70.000,54.200,9.600,0.000
64.000,34.600,10.400,1.000
49.000,70.600,-6.000,0.000
46.000,76.600,-5.600,0.000
37.000,92.200,-4.400,0.000
13.000,116.200,-1.200,0.000
7.000,118.200,-0.400,0.000
-5.000,117.400,1.200,0.000
-14.000,112.600,2.400,0.000
-20.000,107.400,3.200,0.000
-23.000,104.200,3.600,0.000
-26.000,100.600,4.000,0.000
-59.000,34.600,8.400,1.000
-65.000,50.200,-7.200,0.000
-98.000,107.400,-2.800,0.000
-110.000,116.200,-1.200,0.000
-116.000,118.200,-0.400,0.000
-134.000,114.600,2.000,0.000
-137.000,112.600,2.400,0.000
-161.000,82.200,5.600,0.000
373.000,20.600,-7.600,0.000
370.000,28.200,-7.200,0.000
355.000,60.200,-5.200,0.000
349.000,70.200,-4.400,0.000
346.000,74.600,-4.000,0.000
334.000,88.200,-2.400,0.000
325.000,94.200,-1.200,0.000
319.000,96.200,-0.400,0.000
307.000,95.400,1.200,0.000
292.000,85.400,3.200,0.000
283.000,74.600,4.400,0.000
268.000,48.600,6.400,1.000
256.000,78.200,-6.400,0.000
250.000,90.600,-5.600,0.000
244.000,101.400,-4.800,0.000
223.000,126.600,-2.000,0.000
208.000,132.600,0.000,0.000
202.000,132.200,0.800,0.000
199.000,131.400,1.200,0.000
178.000,114.600,4.000,0.000
175.000,110.600,4.400,0.000
157.000,78.200,6.800,0.000
151.000,64.200,7.600,0.000
142.000,40.200,8.800,0.000
133.000,63.000,-6.800,0.000
130.000,69.800,-6.400,0.000
94.000,120.200,-1.600,0.000
73.000,123.000,1.200,0.000
61.000,115.800,2.800,0.000
55.000,109.800,3.600,0.000
37.000,82.200,6.000,0.000
31.000,69.800,6.800,0.000
28.000,63.000,7.200,0.000
25.000,55.800,7.600,0.000
13.000,23.000,9.200,0.000
-2.000,59.000,-6.000,0.000
-14.000,80.600,-4.400,0.000
-17.000,85.000,-4.000,0.000
-20.000,89.000,-3.600,0.000
-35.000,103.000,-1.600,0.000
-38.000,104.600,-1.200,0.000
-41.000,105.800,-0.800,0.000
-44.000,106.600,-0.400,0.000
-53.000,106.600,0.800,0.000
-62.000,103.000,2.000,0.000
-80.000,85.000,4.400,0.000
-89.000,70.600,5.600,0.000
-95.000,59.000,6.400,0.000
-146.000,140.600,-1.200,0.000
-155.000,143.000,0.000,0.000
358.000,160.600,3.600,0.000
346.000,143.800,5.200,0.000
337.000,127.000,6.400,0.000
325.000,99.000,8.000,1.000
322.000,107.000,-7.600,0.000
316.000,121.800,-6.800,0.000
310.000,135.000,-6.000,0.000
292.000,165.000,-3.600,0.000
274.000,180.600,-1.200,0.000
268.000,182.600,-0.400,0.000
259.000,182.600,0.800,0.000
238.000,168.600,3.600,0.000
190.000,63.000,10.000,0.000
166.000,100.600,-5.200,0.000
163.000,105.800,-4.800,0.000
160.000,110.600,-4.400,0.000
157.000,115.000,-4.000,0.000
148.000,125.800,-2.800,0.000
121.000,136.600,0.800,0.000
109.000,131.000,2.400,0.000
82.000,95.000,6.000,0.000
76.000,82.600,6.800,0.000
55.000,60.200,-7.200,0.000
40.000,92.200,-5.200,0.000
34.000,102.200,-4.400,0.000
31.000,106.600,-4.000,0.000
1.000,128.600,0.000,0.000
-11.000,126.200,1.600,0.000
-14.000,124.600,2.000,0.000
-35.000,102.200,4.800,0.000
-59.000,52.600,8.000,0.000
487.0,175.0,0.0,0
484.0,175.0,0.4,0
481.0,174.6,0.8,0
478.0,173.8,1.2,0
475.0,172.6,1.6,0
472.0,171.0,2.0,0
469.0,169.0,2.4,0
466.0,166.6,2.8,0
463.0,163.8,3.2,0
460.0,160.6,3.6,0
457.0,157.0,4.0,0
454.0,153.0,4.4,0
451.0,148.6,4.8,0
448.0,143.8,5.2,0
445.0,138.6,5.6,0
442.0,133.0,6.0,0
439.0,127.0,6.4,0
436.0,120.6,6.8,0
433.0,113.8,7.2,0
430.0,106.6,7.6,0
427.0,99.0,8.0,0
424.0,107.0,-7.6,0
421.0,114.6,-7.2,0
418.0,121.8,-6.8,0
415.0,128.6,-6.4,0
412.0,135.0,-6.0,0
409.0,141.0,-5.6,0
406.0,146.6,-5.2,0
403.0,151.8,-4.8,0
400.0,156.6,-4.4,0
397.0,161.0,-4.0,0
394.0,165.0,-3.6,0
391.0,168.6,-3.2,0
388.0,171.8,-2.8,0
385.0,174.6,-2.4,0
382.0,177.0,-2.0,0
379.0,179.0,-1.6,0
376.0,180.6,-1.2,0
373.0,181.8,-0.8,0
370.0,182.6,-0.4,0
367.0,183.0,0.0,0
364.0,183.0,0.4,0
361.0,182.6,0.8,0
358.0,181.8,1.2,0
355.0,180.6,1.6,0
352.0,179.0,2.0,0
349.0,177.0,2.4,0
346.0,174.6,2.8,0
343.0,171.8,3.2,0
340.0,168.6,3.6,0
337.0,165.0,4.0,0
334.0,161.0,4.4,0
331.0,156.6,4.8,0
328.0,151.8,5.2,0
325.0,146.6,5.6,0
322.0,141.0,6.0,0
319.0,135.0,6.4,0
316.0,128.6,6.8,0
313.0,121.8,7.2,0
310.0,114.6,7.6,0
307.0,107.0,8.0,0
304.0,99.0,8.4,0
301.0,90.6,8.8,0
298.0,98.6,-7.6,0
295.0,106.2,-7.2,0
292.0,113.4,-6.8,0
289.0,120.2,-6.4,0
286.0,126.6,-6.0,0
283.0,132.6,-5.6,0
280.0,138.2,-5.2,0
277.0,143.4,-4.8,0
274.0,148.2,-4.4,0
271.0,152.6,-4.0,0
268.0,156.6,-3.6,0
265.0,160.2,-3.2,0
262.0,163.4,-2.8,0
259.0,166.2,-2.4,0
256.0,168.6,-2.0,0
253.0,170.6,-1.6,0
250.0,172.2,-1.2,0
247.0,173.4,-0.8,0
244.0,174.2,-0.4,0
241.0,174.6,0.0,0
238.0,174.6,0.4,0
235.0,174.2,0.8,0
232.0,173.4,1.2,0
229.0,172.2,1.6,0
226.0,170.6,2.0,0
223.0,168.6,2.4,0
220.0,166.2,2.8,0
217.0,163.4,3.2,0
214.0,160.2,3.6,0
211.0,156.6,4.0,0
208.0,152.6,4.4,0
205.0,148.2,4.8,0
202.0,143.4,5.2,0
199.0,138.2,5.6,0
196.0,132.6,6.0,0
193.0,126.6,6.4,0
190.0,120.2,6.8,0
187.0,113.4,7.2,0
184.0,106.2,7.6,0
181.0,98.6,8.0,0
178.0,90.6,8.4,0
175.0,82.2,8.8,0
172.0,90.2,-7.6,0
169.0,97.8,-7.2,0
166.0,105.0,-6.8,0
163.0,111.8,-6.4,0
160.0,118.2,-6.0,0
157.0,124.2,-5.6,0
154.0,129.8,-5.2,0
151.0,135.0,-4.8,0
148.0,139.8,-4.4,0
145.0,144.2,-4.0,0
142.0,148.2,-3.6,0
139.0,151.8,-3.2,0
136.0,155.0,-2.8,0
133.0,157.8,-2.4,0
130.0,160.2,-2.0,0
127.0,162.2,-1.6,0
124.0,163.8,-1.2,0
121.0,165.0,-0.8,0
118.0,165.8,-0.4,0
115.0,166.2,0.0,0
112.0,166.2,0.4,0
109.0,165.8,0.8,0
106.0,165.0,1.2,0
103.0,163.8,1.6,0
100.0,162.2,2.0,0
97.0,160.2,2.4,0
94.0,157.8,2.8,0
91.0,155.0,3.2,0
88.0,151.8,3.6,0
85.0,148.2,4.0,0
82.0,144.2,4.4,0
79.0,139.8,4.8,0
76.0,135.0,5.2,0
73.0,129.8,5.6,0
70.0,124.2,6.0,0
67.0,118.2,6.4,0
64.0,111.8,6.8,0
61.0,105.0,7.2,0
58.0,97.8,7.6,0
55.0,90.2,8.0,0
52.0,82.2,8.4,0
49.0,73.8,8.8,0
46.0,65.0,9.2,0
43.0,55.8,9.6,0
40.0,63.8,-7.6,0
37.0,71.4,-7.2,0
34.0,78.6,-6.8,0
31.0,85.4,-6.4,0
28.0,91.8,-6.0,0
25.0,97.8,-5.6,0
22.0,103.4,-5.2,0
19.0,108.6,-4.8,0
16.0,113.4,-4.4,0
13.0,117.8,-4.0,0
10.0,121.8,-3.6,0
7.0,125.4,-3.2,0
4.0,128.6,-2.8,0
1.0,131.4,-2.4,0
-2.0,133.8,-2.0,0
-5.0,135.8,-1.6,0
-8.0,137.4,-1.2,0
-11.0,138.6,-0.8,0
-14.0,139.4,-0.4,0
-17.0,139.8,0.0,0
-20.0,139.8,0.4,0
-23.0,139.4,0.8,0
-26.0,138.6,1.2,0
-29.0,137.4,1.6,0
-32.0,135.8,2.0,0
-35.0,133.8,2.4,0
-38.0,131.4,2.8,0
-41.0,128.6,3.2,0
-44.0,125.4,3.6,0
-47.0,121.8,4.0,0
-50.0,117.8,4.4,0
-53.0,113.4,4.8,0
-56.0,108.6,5.2,0
-59.0,103.4,5.6,0
-62.0,97.8,6.0,0
-65.0,91.8,6.4,0
-68.0,85.4,6.8,0
-71.0,78.6,7.2,0
-74.0,71.4,7.6,0
-77.0,63.8,8.0,0
-80.0,71.8,-7.6,0
-83.0,79.4,-7.2,0
-86.0,86.6,-6.8,0
-89.0,93.4,-6.4,0
-92.0,99.8,-6.0,0
-95.0,105.8,-5.6,0
-98.0,111.4,-5.2,0
-101.0,116.6,-4.8,0
-104.0,121.4,-4.4,0
-107.0,125.8,-4.0,0
-110.0,129.8,-3.6,0
-113.0,133.4,-3.2,0
-116.0,136.6,-2.8,0
-119.0,139.4,-2.4,0
-122.0,141.8,-2.0,0
-125.0,143.8,-1.6,0
-128.0,145.4,-1.2,0
-131.0,146.6,-0.8,0
-134.0,147.4,-0.4,0
-137.0,147.8,0.0,0
-140.0,147.8,0.4,0
-143.0,147.4,0.8,0
-146.0,146.6,1.2,0
-149.0,145.4,1.6,0
-152.0,143.8,2.0,0
-155.0,141.8,2.4,0
-158.0,139.4,2.8,0
-161.0,136.6,3.2,0
376.0,69.4,3.6,0
373.0,65.8,4.0,0
370.0,73.8,-7.6,0
367.0,81.4,-7.2,0
364.0,88.6,-6.8,0
361.0,95.4,-6.4,0
358.0,101.8,-6.0,0
355.0,107.8,-5.6,0
352.0,113.4,-5.2,0
349.0,118.6,-4.8,0
346.0,123.4,-4.4,0
343.0,127.8,-4.0,0
340.0,131.8,-3.6,0
337.0,135.4,-3.2,0
334.0,138.6,-2.8,0
331.0,141.4,-2.4,0
328.0,143.8,-2.0,0
325.0,145.8,-1.6,0
322.0,147.4,-1.2,0
319.0,148.6,-0.8,0
316.0,149.4,-0.4,0
313.0,149.8,0.0,0
310.0,149.8,0.4,0
307.0,149.4,0.8,0
304.0,148.6,1.2,0
301.0,147.4,1.6,0
298.0,145.8,2.0,0
295.0,143.8,2.4,0
292.0,141.4,2.8,0
289.0,138.6,3.2,0
286.0,135.4,3.6,0
283.0,131.8,4.0,0
280.0,127.8,4.4,0
277.0,123.4,4.8,0
274.0,118.6,5.2,0
271.0,113.4,5.6,0
268.0,107.8,6.0,0
265.0,101.8,6.4,0
262.0,95.4,6.8,0
259.0,88.6,7.2,0
256.0,81.4,7.6,0
253.0,73.8,8.0,0
250.0,81.8,-7.6,0
247.0,89.4,-7.2,0
244.0,96.6,-6.8,0
241.0,103.4,-6.4,0
238.0,109.8,-6.0,0
235.0,115.8,-5.6,0
232.0,121.4,-5.2,0
229.0,126.6,-4.8,0
226.0,131.4,-4.4,0
223.0,135.8,-4.0,0
220.0,139.8,-3.6,0
217.0,143.4,-3.2,0
214.0,146.6,-2.8,0
211.0,149.4,-2.4,0
208.0,151.8,-2.0,0
205.0,153.8,-1.6,0
202.0,155.4,-1.2,0
199.0,156.6,-0.8,0
196.0,157.4,-0.4,0
193.0,157.8,0.0,0
190.0,157.8,0.4,0
187.0,157.4,0.8,0
184.0,156.6,1.2,0
181.0,155.4,1.6,0
178.0,153.8,2.0,0
175.0,151.8,2.4,0
172.0,149.4,2.8,0
169.0,146.6,3.2,0
166.0,143.4,3.6,0
163.0,139.8,4.0,0
160.0,135.8,4.4,0
157.0,131.4,4.8,0
154.0,126.6,5.2,0
151.0,121.4,5.6,0
148.0,115.8,6.0,0
145.0,109.8,6.4,0
142.0,103.4,6.8,0
139.0,96.6,7.2,0
136.0,89.4,7.6,0
133.0,81.8,8.0,0
130.0,73.8,8.4,0
127.0,65.4,8.8,0
124.0,73.4,-7.6,0
121.0,81.0,-7.2,0
118.0,88.2,-6.8,0
115.0,95.0,-6.4,0
112.0,101.4,-6.0,0
109.0,107.4,-5.6,0
106.0,113.0,-5.2,0
103.0,118.2,-4.8,0
100.0,123.0,-4.4,0
97.0,127.4,-4.0,0
94.0,131.4,-3.6,0
91.0,135.0,-3.2,0
88.0,138.2,-2.8,0
85.0,141.0,-2.4,0
82.0,143.4,-2.0,0
79.0,145.4,-1.6,0
76.0,147.0,-1.2,0
73.0,148.2,-0.8,0
70.0,149.0,-0.4,0
67.0,149.4,0.0,0
64.0,149.4,0.4,0
61.0,149.0,0.8,0
58.0,148.2,1.2,0
55.0,147.0,1.6,0
52.0,145.4,2.0,0
49.0,143.4,2.4,0
46.0,141.0,2.8,0
43.0,138.2,3.2,0
40.0,135.0,3.6,0
37.0,131.4,4.0,0
34.0,127.4,4.4,0
31.0,123.0,4.8,0
28.0,118.2,5.2,0
25.0,113.0,5.6,0
22.0,107.4,6.0,0
19.0,101.4,6.4,0
16.0,95.0,6.8,0
13.0,88.2,7.2,0
10.0,81.0,7.6,0
7.0,73.4,8.0,0
4.0,65.4,8.4,0
1.0,57.0,8.8,0
-2.0,48.2,9.2,0
-5.0,39.0,9.6,0
-8.0,47.0,-7.6,0
-11.0,54.6,-7.2,0
-14.0,61.8,-6.8,0
-17.0,68.6,-6.4,0
-20.0,75.0,-6.0,0
-23.0,81.0,-5.6,0
-26.0,86.6,-5.2,0
-29.0,91.8,-4.8,0
-32.0,96.6,-4.4,0
-35.0,101.0,-4.0,0
-38.0,105.0,-3.6,0
-41.0,108.6,-3.2,0
-44.0,111.8,-2.8,0
-47.0,114.6,-2.4,0
-50.0,117.0,-2.0,0
-53.0,119.0,-1.6,0
-56.0,120.6,-1.2,0
-59.0,121.8,-0.8,0
-62.0,122.6,-0.4,0
-65.0,123.0,0.0,0
-68.0,123.0,0.4,0
-71.0,122.6,0.8,0
-74.0,121.8,1.2,0
-77.0,120.6,1.6,0
-80.0,119.0,2.0,0
-83.0,117.0,2.4,0
-86.0,114.6,2.8,0
-89.0,111.8,3.2,0
-92.0,108.6,3.6,0
-95.0,105.0,4.0,0
-98.0,101.0,4.4,0
-101.0,96.6,4.8,0
-104.0,91.8,5.2,0
-107.0,86.6,5.6,0
-110.0,81.0,6.0,0
-113.0,75.0,6.4,0
-116.0,68.6,6.8,0
-119.0,61.8,7.2,0
-122.0,69.8,-7.6,0
-125.0,77.4,-7.2,0
-128.0,84.6,-6.8,0
-131.0,91.4,-6.4,0
-134.0,97.8,-6.0,0
-137.0,103.8,-5.6,0
-140.0,109.4,-5.2,0
-143.0,114.6,-4.8,0
-146.0,119.4,-4.4,0
-149.0,123.8,-4.0,0
-152.0,127.8,-3.6,0
-155.0,131.4,-3.2,0
-158.0,134.6,-2.8,0
-161.0,137.4,-2.4,0
376.0,-20.2,-2.0,0
373.0,-18.2,-1.6,0
370.0,-10.2,-7.6,0
367.0,-2.6,-7.2,0
364.0,4.6,-6.8,0
361.0,11.4,-6.4,0
358.0,17.8,-6.0,0
355.0,23.8,-5.6,0
352.0,29.4,-5.2,0
349.0,34.6,-4.8,0
346.0,39.4,-4.4,0
343.0,43.8,-4.0,0
340.0,47.8,-3.6,0
337.0,51.4,-3.2,0
334.0,54.6,-2.8,0
331.0,57.4,-2.4,0
328.0,59.8,-2.0,0
325.0,61.8,-1.6,0
322.0,63.4,-1.2,0
319.0,64.6,-0.8,0
316.0,65.4,-0.4,0
313.0,65.8,0.0,0
310.0,65.8,0.4,0
307.0,65.4,0.8,0
304.0,64.6,1.2,0
301.0,63.4,1.6,0
298.0,61.8,2.0,0
295.0,59.8,2.4,0
292.0,57.4,2.8,0
289.0,54.6,3.2,0
286.0,51.4,3.6,0
283.0,47.8,4.0,0
280.0,55.8,-7.6,0
277.0,63.4,-7.2,0
274.0,70.6,-6.8,0
271.0,77.4,-6.4,0
268.0,83.8,-6.0,0
265.0,89.8,-5.6,0
262.0,95.4,-5.2,0
259.0,100.6,-4.8,0
256.0,105.4,-4.4,0
253.0,109.8,-4.0,0
250.0,113.8,-3.6,0
247.0,117.4,-3.2,0
244.0,120.6,-2.8,0
241.0,123.4,-2.4,0
238.0,125.8,-2.0,0
235.0,127.8,-1.6,0
232.0,129.4,-1.2,0
229.0,130.6,-0.8,0
226.0,131.4,-0.4,0
223.0,131.8,0.0,0
220.0,131.8,0.4,0
217.0,131.4,0.8,0
214.0,130.6,1.2,0
211.0,129.4,1.6,0
208.0,127.8,2.0,0
205.0,125.8,2.4,0
202.0,123.4,2.8,0
199.0,120.6,3.2,0
196.0,117.4,3.6,0
193.0,113.8,4.0,0
190.0,109.8,4.4,0
187.0,105.4,4.8,0
184.0,100.6,5.2,0
181.0,95.4,5.6,0
178.0,89.8,6.0,0
175.0,83.8,6.4,0
172.0,77.4,6.8,0
169.0,70.6,7.2,0
166.0,63.4,7.6,0
163.0,55.8,8.0,0
160.0,63.8,-7.6,0
157.0,71.4,-7.2,0
154.0,78.6,-6.8,0
151.0,85.4,-6.4,0
148.0,91.8,-6.0,0
145.0,97.8,-5.6,0
142.0,103.4,-5.2,0
139.0,108.6,-4.8,0
136.0,113.4,-4.4,0
133.0,117.8,-4.0,0
130.0,121.8,-3.6,0
127.0,125.4,-3.2,0
124.0,128.6,-2.8,0
121.0,131.4,-2.4,0
118.0,133.8,-2.0,0
115.0,135.8,-1.6,0
112.0,137.4,-1.2,0
109.0,138.6,-0.8,0
106.0,139.4,-0.4,0
103.0,139.8,0.0,0
100.0,139.8,0.4,0
97.0,139.4,0.8,0
94.0,138.6,1.2,0
91.0,137.4,1.6,0
88.0,135.8,2.0,0
85.0,133.8,2.4,0
82.0,131.4,2.8,0
79.0,128.6,3.2,0
76.0,125.4,3.6,0
73.0,121.8,4.0,0
70.0,117.8,4.4,0
67.0,113.4,4.8,0
64.0,108.6,5.2,0
61.0,103.4,5.6,0
58.0,97.8,6.0,0
55.0,91.8,6.4,0
52.0,85.4,6.8,0
49.0,78.6,7.2,0
46.0,71.4,7.6,0
43.0,63.8,8.0,0
40.0,55.8,8.4,0
37.0,47.4,8.8,0
34.0,55.4,-7.6,0
31.0,63.0,-7.2,0
28.0,70.2,-6.8,0
25.0,77.0,-6.4,0
22.0,83.4,-6.0,0
19.0,89.4,-5.6,0
16.0,95.0,-5.2,0
13.0,100.2,-4.8,0
10.0,105.0,-4.4,0
7.0,109.4,-4.0,0
4.0,113.4,-3.6,0
1.0,117.0,-3.2,0
-2.0,120.2,-2.8,0
-5.0,123.0,-2.4,0
-8.0,125.4,-2.0,0
-11.0,127.4,-1.6,0
-14.0,129.0,-1.2,0
-17.0,130.2,-0.8,0
-20.0,131.0,-0.4,0
-23.0,131.4,0.0,0
-26.0,131.4,0.4,0
-29.0,131.0,0.8,0
-32.0,130.2,1.2,0
-35.0,129.0,1.6,0
-38.0,127.4,2.0,0
-41.0,125.4,2.4,0
-44.0,123.0,2.8,0
-47.0,120.2,3.2,0
-50.0,117.0,3.6,0
-53.0,113.4,4.0,0
-56.0,109.4,4.4,0
-59.0,105.0,4.8,0
-62.0,100.2,5.2,0
-65.0,95.0,5.6,0
-68.0,89.4,6.0,0
-71.0,83.4,6.4,0
-74.0,77.0,6.8,0
-77.0,70.2,7.2,0
-80.0,63.0,7.6,0
-83.0,55.4,8.0,0
-86.0,63.4,-7.6,0
-89.0,71.0,-7.2,0
-92.0,78.2,-6.8,0
-95.0,85.0,-6.4,0
-98.0,91.4,-6.0,0
-101.0,97.4,-5.6,0
-104.0,103.0,-5.2,0
-107.0,108.2,-4.8,0
-110.0,113.0,-4.4,0
-113.0,117.4,-4.0,0
-116.0,121.4,-3.6,0
-119.0,125.0,-3.2,0
-122.0,128.2,-2.8,0
-125.0,131.0,-2.4,0
-128.0,133.4,-2.0,0
-131.0,135.4,-1.6,0
-134.0,137.0,-1.2,0
-137.0,138.2,-0.8,0
-140.0,139.0,-0.4,0
-143.0,139.4,0.0,0
-146.0,139.4,0.4,0
-149.0,139.0,0.8,0
-152.0,138.2,1.2,0
-155.0,137.0,1.6,0
-158.0,135.4,2.0,0
-161.0,133.4,2.4,0
376.0,227.0,2.8,0
373.0,224.2,3.2,0
370.0,221.0,3.6,0
367.0,217.4,4.0,0
364.0,213.4,4.4,0
361.0,209.0,4.8,0
358.0,204.2,5.2,0
355.0,199.0,5.6,0
352.0,193.4,6.0,0
349.0,187.4,6.4,0
346.0,181.0,6.8,0
343.0,174.2,7.2,0
340.0,167.0,7.6,0
337.0,159.4,8.0,0
334.0,151.4,8.4,0
331.0,143.0,8.8,0
328.0,134.2,9.2,0
325.0,125.0,9.6,0
322.0,115.4,10.0,0
319.0,105.4,10.4,0
316.0,113.4,-7.6,0
313.0,121.0,-7.2,0
310.0,128.2,-6.8,0
307.0,135.0,-6.4,0
304.0,141.4,-6.0,0
301.0,147.4,-5.6,0
298.0,153.0,-5.2,0
295.0,158.2,-4.8,0
292.0,163.0,-4.4,0
289.0,167.4,-4.0,0
286.0,171.4,-3.6,0
283.0,175.0,-3.2,0
280.0,178.2,-2.8,0
277.0,181.0,-2.4,0
274.0,183.4,-2.0,0
271.0,185.4,-1.6,0
268.0,187.0,-1.2,0
265.0,188.2,-0.8,0
262.0,189.0,-0.4,0
259.0,189.4,0.0,0
256.0,189.4,0.4,0
253.0,189.0,0.8,0
250.0,188.2,1.2,0
247.0,187.0,1.6,0
244.0,185.4,2.0,0
241.0,183.4,2.4,0
238.0,181.0,2.8,0
235.0,178.2,3.2,0
232.0,175.0,3.6,0
229.0,171.4,4.0,0
226.0,167.4,4.4,0
223.0,163.0,4.8,0
220.0,158.2,5.2,0
217.0,153.0,5.6,0
214.0,147.4,6.0,0
211.0,141.4,6.4,0
208.0,135.0,6.8,0
205.0,128.2,7.2,0
202.0,121.0,7.6,0
199.0,113.4,8.0,0
196.0,105.4,8.4,0
193.0,97.0,8.8,0
190.0,88.2,9.2,0
187.0,79.0,9.6,0
184.0,87.0,-7.6,0
181.0,94.6,-7.2,0
178.0,101.8,-6.8,0
175.0,108.6,-6.4,0
172.0,115.0,-6.0,0
169.0,121.0,-5.6,0
166.0,126.6,-5.2,0
163.0,131.8,-4.8,0
160.0,136.6,-4.4,0
157.0,141.0,-4.0,0
154.0,145.0,-3.6,0
151.0,148.6,-3.2,0
148.0,151.8,-2.8,0
145.0,154.6,-2.4,0
142.0,157.0,-2.0,0
139.0,159.0,-1.6,0
136.0,160.6,-1.2,0
133.0,161.8,-0.8,0
130.0,162.6,-0.4,0
127.0,163.0,0.0,0
124.0,163.0,0.4,0
121.0,162.6,0.8,0
118.0,161.8,1.2,0
115.0,160.6,1.6,0
112.0,159.0,2.0,0
109.0,157.0,2.4,0
106.0,154.6,2.8,0
103.0,151.8,3.2,0
100.0,148.6,3.6,0
97.0,145.0,4.0,0
94.0,141.0,4.4,0
91.0,136.6,4.8,0
88.0,131.8,5.2,0
85.0,126.6,5.6,0
82.0,121.0,6.0,0
79.0,115.0,6.4,0
76.0,108.6,6.8,0
73.0,101.8,7.2,0
70.0,94.6,7.6,0
67.0,87.0,8.0,0
64.0,79.0,8.4,0
61.0,70.6,8.8,0
58.0,61.8,9.2,0
55.0,52.6,9.6,0
52.0,60.6,-7.6,0
49.0,68.2,-7.2,0
46.0,75.4,-6.8,0
43.0,82.2,-6.4,0
40.0,88.6,-6.0,0
37.0,94.6,-5.6,0
34.0,100.2,-5.2,0
31.0,105.4,-4.8,0
28.0,110.2,-4.4,0
25.0,114.6,-4.0,0
22.0,118.6,-3.6,0
19.0,122.2,-3.2,0
16.0,125.4,-2.8,0
13.0,128.2,-2.4,0
10.0,130.6,-2.0,0
7.0,132.6,-1.6,0
4.0,134.2,-1.2,0
1.0,135.4,-0.8,0
-2.0,136.2,-0.4,0
-5.0,136.6,0.0,0
-8.0,136.6,0.4,0
-11.0,136.2,0.8,0
-14.0,135.4,1.2,0
-17.0,134.2,1.6,0
-20.0,132.6,2.0,0
-23.0,130.6,2.4,0
-26.0,128.2,2.8,0
-29.0,125.4,3.2,0
-32.0,122.2,3.6,0
-35.0,118.6,4.0,0
-38.0,114.6,4.4,0
-41.0,110.2,4.8,0
-44.0,105.4,5.2,0
-47.0,100.2,5.6,0
-50.0,94.6,6.0,0
-53.0,88.6,6.4,0
-56.0,82.2,6.8,0
-59.0,75.4,7.2,0
-62.0,68.2,7.6,0
-65.0,60.6,8.0,0
-68.0,68.6,-7.6,0
-71.0,76.2,-7.2,0
-74.0,83.4,-6.8,0
-77.0,90.2,-6.4,0
-80.0,96.6,-6.0,0
-83.0,102.6,-5.6,0
-86.0,108.2,-5.2,0
-89.0,113.4,-4.8,0
-92.0,118.2,-4.4,0
-95.0,122.6,-4.0,0
-98.0,126.6,-3.6,0
-101.0,130.2,-3.2,0
-104.0,133.4,-2.8,0
-107.0,136.2,-2.4,0
-110.0,138.6,-2.0,0
-113.0,140.6,-1.6,0
-116.0,142.2,-1.2,0
-119.0,143.4,-0.8,0
-122.0,144.2,-0.4,0
-125.0,144.6,0.0,0
-128.0,144.6,0.4,0
-131.0,144.2,0.8,0
-134.0,143.4,1.2,0
-137.0,142.2,1.6,0
-140.0,140.6,2.0,0
-143.0,138.6,2.4,0
-146.0,136.2,2.8,0
-149.0,133.4,3.2,0
-152.0,130.2,3.6,0
-155.0,126.6,4.0,0
-158.0,122.6,4.4,0
-161.0,118.2,4.8,0
376.0,113.4,5.2,0
373.0,108.2,5.6,0
370.0,102.6,6.0,0
367.0,96.6,6.4,0
364.0,90.2,6.8,0
361.0,83.4,7.2,0
358.0,91.4,-7.6,0
355.0,99.0,-7.2,0
352.0,106.2,-6.8,0
349.0,113.0,-6.4,0
346.0,119.4,-6.0,0
343.0,125.4,-5.6,0
340.0,131.0,-5.2,0
337.0,136.2,-4.8,0
334.0,141.0,-4.4,0
331.0,145.4,-4.0,0
328.0,149.4,-3.6,0
325.0,153.0,-3.2,0
322.0,156.2,-2.8,0
319.0,159.0,-2.4,0
316.0,161.4,-2.0,0
313.0,163.4,-1.6,0
310.0,165.0,-1.2,0
307.0,166.2,-0.8,0
304.0,167.0,-0.4,0
301.0,167.4,0.0,0
298.0,167.4,0.4,0
295.0,167.0,0.8,0
292.0,166.2,1.2,0
289.0,165.0,1.6,0
286.0,163.4,2.0,0
283.0,161.4,2.4,0
280.0,159.0,2.8,0
277.0,156.2,3.2,0
274.0,153.0,3.6,0
271.0,149.4,4.0,0
268.0,145.4,4.4,0
265.0,141.0,4.8,0
262.0,136.2,5.2,0
259.0,131.0,5.6,0
256.0,125.4,6.0,0
253.0,119.4,6.4,0
250.0,113.0,6.8,0
247.0,106.2,7.2,0
244.0,99.0,7.6,0
241.0,91.4,8.0,0
238.0,83.4,8.4,0
235.0,75.0,8.8,0
232.0,83.0,-7.6,0
229.0,90.6,-7.2,0
226.0,97.8,-6.8,0
223.0,104.6,-6.4,0
220.0,111.0,-6.0,0
217.0,117.0,-5.6,0
214.0,122.6,-5.2,0
211.0,127.8,-4.8,0
208.0,132.6,-4.4,0
205.0,137.0,-4.0,0
202.0,141.0,-3.6,0
199.0,144.6,-3.2,0
196.0,147.8,-2.8,0
193.0,150.6,-2.4,0
190.0,153.0,-2.0,0
187.0,155.0,-1.6,0
184.0,156.6,-1.2,0
181.0,157.8,-0.8,0
178.0,158.6,-0.4,0
175.0,159.0,0.0,0
172.0,159.0,0.4,0
169.0,158.6,0.8,0
166.0,157.8,1.2,0
163.0,156.6,1.6,0
160.0,155.0,2.0,0
157.0,153.0,2.4,0
154.0,150.6,2.8,0
151.0,147.8,3.2,0
148.0,144.6,3.6,0
145.0,141.0,4.0,0
142.0,137.0,4.4,0
139.0,132.6,4.8,0
136.0,127.8,5.2,0
133.0,122.6,5.6,0
130.0,117.0,6.0,0
127.0,111.0,6.4,0
124.0,104.6,6.8,0
121.0,97.8,7.2,0
118.0,90.6,7.6,0
115.0,83.0,8.0,0
112.0,75.0,8.4,0
109.0,66.6,8.8,0
106.0,74.6,-7.6,0
103.0,82.2,-7.2,0
100.0,89.4,-6.8,0
97.0,96.2,-6.4,0
94.0,102.6,-6.0,0
91.0,108.6,-5.6,0
88.0,114.2,-5.2,0
85.0,119.4,-4.8,0
82.0,124.2,-4.4,0
79.0,128.6,-4.0,0
76.0,132.6,-3.6,0
73.0,136.2,-3.2,0
70.0,139.4,-2.8,0
67.0,142.2,-2.4,0
64.0,144.6,-2.0,0
61.0,146.6,-1.6,0
58.0,148.2,-1.2,0
55.0,149.4,-0.8,0
52.0,150.2,-0.4,0
49.0,150.6,0.0,0
46.0,150.6,0.4,0
43.0,150.2,0.8,0
40.0,149.4,1.2,0
37.0,148.2,1.6,0
34.0,146.6,2.0,0
31.0,144.6,2.4,0
28.0,142.2,2.8,0
25.0,139.4,3.2,0
22.0,136.2,3.6,0
19.0,132.6,4.0,0
16.0,128.6,4.4,0
13.0,124.2,4.8,0
10.0,119.4,5.2,0
7.0,114.2,5.6,0
4.0,108.6,6.0,0
1.0,102.6,6.4,0
-2.0,96.2,6.8,0
-5.0,89.4,7.2,0
-8.0,82.2,7.6,0
-11.0,74.6,8.0,0
-14.0,66.6,8.4,0
-17.0,58.2,8.8,0
-20.0,49.4,9.2,0
-23.0,40.2,9.6,0
-26.0,48.2,-7.6,0
-29.0,55.8,-7.2,0
-32.0,63.0,-6.8,0
-35.0,69.8,-6.4,0
-38.0,76.2,-6.0,0
-41.0,82.2,-5.6,0
-44.0,87.8,-5.2,0
-47.0,93.0,-4.8,0
-50.0,97.8,-4.4,0
-53.0,102.2,-4.0,0
-56.0,106.2,-3.6,0
-59.0,109.8,-3.2,0
-62.0,113.0,-2.8,0
-65.0,115.8,-2.4,0
-68.0,118.2,-2.0,0
-71.0,120.2,-1.6,0
-74.0,121.8,-1.2,0
-77.0,123.0,-0.8,0
-80.0,123.8,-0.4,0
-83.0,124.2,0.0,0
-86.0,124.2,0.4,0
-89.0,123.8,0.8,0
-92.0,123.0,1.2,0
-95.0,121.8,1.6,0
-98.0,120.2,2.0,0
-101.0,118.2,2.4,0
-104.0,115.8,2.8,0
-107.0,113.0,3.2,0
-110.0,109.8,3.6,0
-113.0,106.2,4.0,0
-116.0,102.2,4.4,0
-119.0,97.8,4.8,0
-122.0,93.0,5.2,0
-125.0,87.8,5.6,0
-128.0,82.2,6.0,0
-131.0,76.2,6.4,0
-134.0,69.8,6.8,0
-137.0,63.0,7.2,0
-140.0,55.8,7.6,0
-143.0,48.2,8.0,0
-146.0,56.2,-7.6,0
-149.0,63.8,-7.2,0
-152.0,71.0,-6.8,0
-155.0,77.8,-6.4,0
-158.0,84.2,-6.0,0
-161.0,90.2,-5.6,0
376.0,-0.2,-5.2,0
373.0,5.0,-4.8,0
370.0,9.8,-4.4,0
367.0,14.2,-4.0,0
364.0,18.2,-3.6,0
361.0,21.8,-3.2,0
358.0,25.0,-2.8,0
355.0,27.8,-2.4,0
352.0,30.2,-2.0,0
349.0,32.2,-1.6,0
346.0,33.8,-1.2,0
343.0,35.0,-0.8,0
340.0,35.8,-0.4,0
337.0,36.2,0.0,0
334.0,36.2,0.4,0
331.0,35.8,0.8,0
328.0,35.0,1.2,0
325.0,33.8,1.6,0
322.0,41.8,-7.6,0
319.0,49.4,-7.2,0
316.0,56.6,-6.8,0
313.0,63.4,-6.4,0
310.0,69.8,-6.0,0
307.0,75.8,-5.6,0
304.0,81.4,-5.2,0
301.0,86.6,-4.8,0
298.0,91.4,-4.4,0
295.0,95.8,-4.0,0
292.0,99.8,-3.6,0
289.0,103.4,-3.2,0
286.0,106.6,-2.8,0
283.0,109.4,-2.4,0
280.0,111.8,-2.0,0
277.0,113.8,-1.6,0
274.0,115.4,-1.2,0
271.0,116.6,-0.8,0
268.0,117.4,-0.4,0
265.0,117.8,0.0,0
262.0,117.8,0.4,0
259.0,117.4,0.8,0
256.0,116.6,1.2,0
253.0,115.4,1.6,0
250.0,113.8,2.0,0
247.0,111.8,2.4,0
244.0,109.4,2.8,0
241.0,106.6,3.2,0
238.0,103.4,3.6,0
235.0,99.8,4.0,0
232.0,95.8,4.4,0
229.0,91.4,4.8,0
226.0,86.6,5.2,0
223.0,81.4,5.6,0
220.0,75.8,6.0,0
217.0,69.8,6.4,0
214.0,63.4,6.8,0
211.0,56.6,7.2,0
208.0,64.6,-7.6,0
205.0,72.2,-7.2,0
202.0,79.4,-6.8,0
199.0,86.2,-6.4,0
196.0,92.6,-6.0,0
193.0,98.6,-5.6,0
190.0,104.2,-5.2,0
187.0,109.4,-4.8,0
184.0,114.2,-4.4,0
181.0,118.6,-4.0,0
178.0,122.6,-3.6,0
175.0,126.2,-3.2,0
172.0,129.4,-2.8,0
169.0,132.2,-2.4,0
166.0,134.6,-2.0,0
163.0,136.6,-1.6,0
160.0,138.2,-1.2,0
157.0,139.4,-0.8,0
154.0,140.2,-0.4,0
151.0,140.6,0.0,0
148.0,140.6,0.4,0
145.0,140.2,0.8,0
142.0,139.4,1.2,0
139.0,138.2,1.6,0
136.0,136.6,2.0,0
133.0,134.6,2.4,0
130.0,132.2,2.8,0
127.0,129.4,3.2,0
124.0,126.2,3.6,0
121.0,122.6,4.0,0
118.0,118.6,4.4,0
115.0,114.2,4.8,0
112.0,109.4,5.2,0
109.0,104.2,5.6,0
106.0,98.6,6.0,0
103.0,92.6,6.4,0
100.0,86.2,6.8,0
97.0,79.4,7.2,0
94.0,72.2,7.6,0
91.0,64.6,8.0,0
88.0,56.6,8.4,0
85.0,48.2,8.8,0
82.0,56.2,-7.6,0
79.0,63.8,-7.2,0
76.0,71.0,-6.8,0
73.0,77.8,-6.4,0
70.0,84.2,-6.0,0
67.0,90.2,-5.6,0
64.0,95.8,-5.2,0
61.0,101.0,-4.8,0
58.0,105.8,-4.4,0
55.0,110.2,-4.0,0
52.0,114.2,-3.6,0
49.0,117.8,-3.2,0
46.0,121.0,-2.8,0
43.0,123.8,-2.4,0
40.0,126.2,-2.0,0
37.0,128.2,-1.6,0
34.0,129.8,-1.2,0
31.0,131.0,-0.8,0
28.0,131.8,-0.4,0
25.0,132.2,0.0,0
22.0,132.2,0.4,0
19.0,131.8,0.8,0
16.0,131.0,1.2,0
13.0,129.8,1.6,0
10.0,128.2,2.0,0
7.0,126.2,2.4,0
4.0,123.8,2.8,0
1.0,121.0,3.2,0
-2.0,117.8,3.6,0
-5.0,114.2,4.0,0
-8.0,110.2,4.4,0
-11.0,105.8,4.8,0
-14.0,101.0,5.2,0
-17.0,95.8,5.6,0
-20.0,90.2,6.0,0
-23.0,84.2,6.4,0
-26.0,77.8,6.8,0
-29.0,71.0,7.2,0
-32.0,63.8,7.6,0
-35.0,56.2,8.0,0
-38.0,64.2,-7.6,0
-41.0,71.8,-7.2,0
-44.0,79.0,-6.8,0
-47.0,85.8,-6.4,0
-50.0,92.2,-6.0,0
-53.0,98.2,-5.6,0
-56.0,103.8,-5.2,0
-59.0,109.0,-4.8,0
-62.0,113.8,-4.4,0
-65.0,118.2,-4.0,0
-68.0,122.2,-3.6,0
-71.0,125.8,-3.2,0
-74.0,129.0,-2.8,0
-77.0,131.8,-2.4,0
-80.0,134.2,-2.0,0
-83.0,136.2,-1.6,0
-86.0,137.8,-1.2,0
-89.0,139.0,-0.8,0
-92.0,139.8,-0.4,0
-95.0,140.2,0.0,0
-98.0,140.2,0.4,0
-101.0,139.8,0.8,0
-104.0,139.0,1.2,0
-107.0,137.8,1.6,0
-110.0,136.2,2.0,0
-113.0,134.2,2.4,0
-116.0,131.8,2.8,0
