466.000,102.600,2.800,0.000
379.000,-141.000,14.400,0.000
481.000,14.600,0.800,0.000
475.000,12.600,1.600,0.000
469.000,9.000,2.400,0.000
460.000,0.600,3.600,0.000
418.000,-86.200,9.200,1.000
310.000,-50.200,6.400,1.000
307.000,-42.200,-7.600,0.000
298.000,-20.600,-6.400,0.000
214.000,7.400,4.800,1.000
205.000,30.200,-6.800,0.000
202.000,37.000,-6.400,0.000
181.000,73.400,-3.600,0.000
157.000,91.000,-0.400,0.000
142.000,89.000,1.600,0.000
118.000,65.000,4.800,0.000
115.000,60.200,5.200,0.000
97.000,23.000,7.600,1.000
49.000,103.000,-1.600,0.000
19.000,101.000,2.400,0.000
1.000,80.600,4.800,0.000
-20.000,38.600,7.600,1.000
-137.000,54.200,7.600,1.000
-140.000,62.200,-7.600,0.000
-158.000,101.800,-5.200,0.000
322.000,129.800,2.800,0.000
316.000,123.800,3.600,0.000
292.000,83.800,6.800,1.000
259.000,149.800,-3.600,0.000
250.000,159.400,-2.400,0.000
217.000,163.800,2.000,0.000
202.000,149.800,4.000,0.000
172.000,91.800,8.000,0.000
160.000,57.400,9.600,0.000
151.000,27.400,10.800,1.000
118.000,93.400,-3.600,0.000
109.000,103.000,-2.400,0.000
106.000,105.400,-2.000,0.000
103.000,107.400,-1.600,0.000
91.000,111.400,0.000,0.000
67.000,100.200,3.200,0.000
31.000,35.400,8.000,1.000
16.000,71.400,-6.000,0.000
-11.000,111.000,-2.400,0.000
-53.000,108.200,3.200,0.000
-71.000,83.000,5.600,0.000
-83.000,58.200,7.200,1.000
-86.000,66.200,-7.600,0.000
-107.000,111.000,-4.800,0.000
-122.000,131.000,-2.800,0.000
-155.000,139.800,1.600,0.000
349.000,126.200,6.400,0.000
340.000,105.800,7.600,0.000
337.000,98.200,8.000,0.000
331.000,81.800,8.800,0.000
313.000,23.000,11.200,0.000
310.000,11.800,11.600,1.000
298.000,41.400,-6.400,0.000
217.000,73.800,4.400,0.000
181.000,-5.400,9.200,1.000
148.000,60.600,-3.600,0.000
70.000,24.200,6.800,0.000
67.000,17.400,7.200,1.000
34.000,83.400,-3.600,0.000
31.000,87.000,-3.200,0.000
28.000,90.200,-2.800,0.000
16.000,99.000,-1.200,0.000
-23.000,83.400,4.000,0.000
-41.000,53.400,6.400,1.000
-68.000,111.000,-4.400,0.000
-77.000,123.000,-3.200,0.000
-122.000,129.000,2.800,0.000
-125.000,126.200,3.200,0.000
-143.000,101.000,5.600,0.000
352.000,135.000,11.600,0.000
337.000,73.000,13.600,0.000
322.000,1.000,15.600,1.000
304.000,43.000,-5.600,0.000
301.000,48.600,-5.200,0.000
226.000,58.600,4.800,0.000
214.000,37.000,6.400,1.000
163.000,118.600,-1.200,0.000
133.000,112.600,2.800,0.000
115.000,89.800,5.200,0.000
88.000,28.600,8.800,1.000
76.000,58.200,-6.400,0.000
64.000,81.400,-4.800,0.000
40.000,108.600,-1.600,0.000
31.000,112.200,-0.400,0.000
4.000,101.400,3.200,0.000
-23.000,58.200,6.800,1.000
-53.000,120.200,-4.000,0.000
-71.000,138.200,-1.600,0.000
-80.000,141.800,-0.400,0.000
-113.000,124.200,4.000,0.000
-149.000,49.800,8.800,1.000
364.000,107.400,-4.400,0.000
349.000,125.400,-2.400,0.000
322.000,132.600,1.200,0.000
268.000,49.800,8.400,0.000
262.000,32.600,9.200,1.000
238.000,85.400,-4.800,0.000
226.000,102.200,-3.200,0.000
166.000,90.200,4.800,0.000
157.000,74.600,6.000,0.000
139.000,32.600,8.400,1.000
94.000,110.600,-2.000,0.000
85.000,115.400,-0.800,0.000
76.000,116.600,0.400,0.000
61.000,110.600,2.400,0.000
49.000,98.600,4.000,0.000
19.000,40.600,8.000,1.000
-2.000,88.200,-5.200,0.000
-5.000,93.400,-4.800,0.000
-35.000,123.400,-0.800,0.000
-44.000,124.600,0.400,0.000
-80.000,93.400,5.200,0.000
-98.000,56.200,7.600,1.000
-104.000,71.800,-7.200,0.000
-110.000,85.800,-6.400,0.000
-134.000,125.800,-3.200,0.000
370.000,105.800,1.600,0.000
334.000,60.200,6.400,1.000
268.000,143.800,0.800,0.000
217.000,75.800,7.600,0.000
208.000,51.800,8.800,1.000
202.000,67.400,-7.200,0.000
187.000,99.400,-5.200,0.000
184.000,104.600,-4.800,0.000
175.000,117.800,-3.600,0.000
118.000,117.800,4.000,0.000
112.000,109.400,4.800,0.000
91.000,67.400,7.600,0.000
82.000,43.400,8.800,1.000
64.000,85.400,-5.600,0.000
61.000,91.000,-5.200,0.000
31.000,125.000,-1.200,0.000
-8.000,109.400,4.000,0.000
-29.000,73.000,6.800,0.000
-41.000,43.400,8.400,1.000
-68.000,101.000,-4.400,0.000
-71.000,105.400,-4.000,0.000
-104.000,127.400,0.400,0.000
-134.000,105.400,4.400,0.000
-140.000,96.200,5.200,0.000
-158.000,59.000,7.600,1.000
319.000,-17.000,0.400,0.000
313.000,-18.200,1.200,0.000
295.000,-31.400,3.600,1.000
292.000,-23.400,-7.600,0.000
271.000,21.400,-4.800,0.000
268.000,26.200,-4.400,0.000
256.000,41.400,-2.800,0.000
196.000,21.400,5.200,1.000
175.000,69.000,-5.200,0.000
154.000,97.000,-2.400,0.000
139.000,105.000,-0.400,0.000
73.000,21.400,8.400,1.000
55.000,63.400,-5.600,0.000
40.000,87.400,-3.600,0.000
25.000,101.400,-1.600,0.000
16.000,105.000,-0.400,0.000
-32.000,63.400,6.000,1.000
-47.000,99.400,-6.000,0.000
-53.000,111.000,-5.200,0.000
-77.000,141.400,-2.000,0.000
-104.000,145.000,1.600,0.000
-110.000,141.400,2.400,0.000
-140.000,99.400,6.400,0.000
-152.000,71.400,8.000,1.000
364.000,124.200,-4.800,0.000
304.000,144.200,3.200,0.000
283.000,113.400,6.000,0.000
262.000,63.000,8.800,1.000
211.000,144.600,-1.200,0.000
196.000,146.600,0.800,0.000
184.000,141.000,2.400,0.000
169.000,125.000,4.400,0.000
139.000,63.000,8.400,0.000
127.000,27.000,10.000,1.000
58.000,109.800,1.200,0.000
25.000,74.600,5.600,0.000
7.000,35.000,8.000,1.000
-8.000,71.000,-6.000,0.000
-23.000,97.000,-4.000,0.000
-83.000,101.000,4.000,0.000
-89.000,92.600,4.800,0.000
-116.000,35.000,8.400,1.000
-143.000,92.600,-4.400,0.000
-146.000,97.000,-4.000,0.000
-161.000,113.000,-2.000,0.000
361.000,215.000,0.400,0.000
316.000,167.000,6.400,0.000
289.000,95.000,10.000,0.000
271.000,29.000,12.400,0.000
262.000,-9.400,13.600,0.000
259.000,-23.000,14.000,1.000
241.000,19.000,-5.600,0.000
163.000,34.600,4.800,0.000
157.000,24.600,5.600,1.000
154.000,32.600,-7.600,0.000
106.000,106.200,-1.200,0.000
40.000,40.200,7.600,1.000
25.000,76.200,-6.000,0.000
22.000,82.200,-5.600,0.000
10.000,102.200,-4.000,0.000
-17.000,123.800,-0.400,0.000
-38.000,118.200,2.400,0.000
-71.000,69.800,6.800,0.000
-80.000,48.200,8.000,1.000
-83.000,56.200,-7.600,0.000
-125.000,126.200,-2.000,0.000
-152.000,129.800,1.600,0.000
340.000,56.200,8.000,1.000
199.000,-0.200,10.800,1.000
151.000,79.800,-1.600,0.000
136.000,83.800,0.400,0.000
118.000,75.400,2.800,0.000
91.000,35.800,6.400,1.000
88.000,43.800,-7.600,0.000
82.000,58.600,-6.800,0.000
49.000,111.400,-2.400,0.000
-14.000,77.800,6.000,0.000
-23.000,58.600,7.200,0.000
-32.000,35.800,8.400,1.000
-50.000,77.800,-5.600,0.000
-71.000,108.600,-2.800,0.000
-77.000,113.800,-2.000,0.000
-101.000,118.600,1.200,0.000
-119.000,105.400,3.600,0.000
-146.000,58.600,7.200,1.000
373.000,106.200,-5.200,0.000
331.000,142.600,0.400,0.000
328.000,142.200,0.800,0.000
319.000,138.600,2.000,0.000
307.000,128.200,3.600,0.000
292.000,106.200,5.600,0.000
262.000,32.200,9.600,1.000
244.000,74.200,-5.600,0.000
223.000,105.000,-2.800,0.000
163.000,85.000,5.200,0.000
142.000,40.200,8.000,1.000
55.000,109.800,3.600,0.000
19.000,40.200,8.400,1.000
-65.000,113.000,3.200,0.000
-74.000,102.200,4.400,0.000
-98.000,55.800,7.600,1.000
-161.000,139.800,0.400,0.000
349.000,85.800,4.400,0.000
343.000,76.600,5.200,1.000
274.000,159.400,1.200,0.000
232.000,106.200,6.800,0.000
208.000,40.600,10.000,1.000
148.000,124.600,0.000,0.000
97.000,70.200,6.800,1.000
88.000,93.000,-6.800,0.000
82.000,106.200,-6.000,0.000
67.000,132.200,-4.000,0.000
52.000,148.200,-2.000,0.000
34.000,154.200,0.400,0.000
25.000,151.800,1.600,0.000
-2.000,123.000,5.200,0.000
-8.000,112.200,6.000,0.000
-35.000,43.800,9.600,1.000
-41.000,59.400,-7.200,0.000
-44.000,66.600,-6.800,0.000
-71.000,113.400,-3.200,0.000
-146.000,73.400,6.800,0.000
358.000,93.400,11.600,1.000
346.000,123.000,-6.400,0.000
214.000,26.200,11.200,1.000
145.000,109.000,1.200,0.000
142.000,107.800,1.600,0.000
103.000,55.800,6.800,0.000
94.000,34.200,8.000,1.000
91.000,42.200,-7.600,0.000
-14.000,70.200,6.400,0.000
-20.000,57.000,7.200,1.000
-125.000,99.000,6.000,0.000
-128.000,93.000,6.400,0.000
-140.000,65.000,8.000,0.000
-149.000,39.800,9.200,1.000
-152.000,47.800,-7.600,0.000
361.000,69.800,-4.000,0.000
343.000,87.800,-1.600,0.000
289.000,55.400,5.600,0.000
277.000,30.600,7.200,1.000
244.000,96.600,-3.600,0.000
217.000,114.600,0.000,0.000
208.000,113.400,1.200,0.000
199.000,108.600,2.400,0.000
193.000,103.400,3.200,0.000
187.000,96.600,4.000,0.000
178.000,83.400,5.200,0.000
166.000,60.200,6.800,0.000
157.000,38.600,8.000,1.000
136.000,86.200,-5.200,0.000
118.000,111.400,-2.800,0.000
109.000,118.600,-1.600,0.000
79.000,116.600,2.400,0.000
43.000,61.400,7.200,1.000
40.000,69.400,-7.600,0.000
22.000,109.000,-5.200,0.000
16.000,119.000,-4.400,0.000
-59.000,109.000,5.600,0.000
-89.000,35.000,9.600,1.000
-110.000,82.600,-5.200,0.000
-137.000,115.000,-1.600,0.000
367.000,75.800,3.200,0.000
343.000,39.000,6.400,0.000
331.000,11.000,8.000,1.000
283.000,91.000,-1.600,0.000
274.000,94.600,-0.400,0.000
271.000,95.000,0.000,0.000
223.000,47.000,6.400,0.000
214.000,26.600,7.600,1.000
202.000,56.200,-6.400,0.000
169.000,104.600,-2.000,0.000
88.000,18.200,8.800,1.000
61.000,75.800,-4.400,0.000
52.000,87.800,-3.200,0.000
13.000,98.200,2.000,0.000
10.000,96.200,2.400,0.000
-23.000,47.800,6.800,1.000
-86.000,131.800,0.400,0.000
-116.000,109.800,4.400,0.000
-134.000,77.400,6.800,0.000
-137.000,70.600,7.200,0.000
-143.000,55.800,8.000,1.000
373.000,12.600,-4.800,0.000
358.000,32.600,-2.800,0.000
352.000,37.800,-2.000,0.000
331.000,43.400,0.800,0.000
322.000,39.800,2.000,0.000
310.000,29.400,3.600,0.000
295.000,7.400,5.600,0.000
289.000,-4.200,6.400,0.000
280.000,-24.600,7.600,1.000
256.000,28.200,-4.800,0.000
166.000,-1.800,7.200,1.000
124.000,73.800,-2.400,0.000
118.000,78.200,-1.600,0.000
61.000,40.200,6.000,1.000
58.000,48.200,-7.600,0.000
-47.000,76.200,6.400,0.000
-56.000,55.800,7.600,0.000
-59.000,48.200,8.000,1.000
-83.000,101.000,-4.800,0.000
-89.000,110.200,-4.000,0.000
-101.000,123.800,-2.400,0.000
-104.000,126.200,-2.000,0.000
-137.000,126.200,2.400,0.000
-149.000,114.200,4.000,0.000
-152.000,110.200,4.400,1.000
-161.000,133.000,-6.800,0.000
370.000,120.200,-5.600,0.000
310.000,156.200,2.400,0.000
301.000,147.800,3.600,0.000
274.000,101.000,7.200,0.000
244.000,11.000,11.200,1.000
205.000,83.800,-2.800,0.000
157.000,80.600,3.600,0.000
154.000,77.000,4.000,0.000
127.000,26.600,7.600,1.000
88.000,99.400,-2.800,0.000
7.000,34.600,8.000,1.000
-74.000,110.200,2.800,0.000
-104.000,64.200,6.800,1.000
-113.000,87.000,-6.800,0.000
-143.000,137.000,-2.800,0.000
-146.000,139.800,-2.400,0.000
-149.000,142.200,-2.000,0.000
289.000,177.800,11.600,0.000
277.000,129.000,13.200,0.000
274.000,115.800,13.600,0.000
262.000,59.000,15.200,1.000
259.000,67.000,-7.600,0.000
160.000,106.600,5.600,0.000
145.000,74.600,7.600,0.000
133.000,41.800,9.200,1.000
130.000,49.800,-7.600,0.000
118.000,77.800,-6.000,0.000
112.000,89.400,-5.200,0.000
91.000,117.400,-2.400,0.000
58.000,121.800,2.000,0.000
28.000,83.800,6.000,0.000
13.000,49.800,8.000,1.000
10.000,57.800,-7.600,0.000
-20.000,115.800,-3.600,0.000
-50.000,133.800,0.400,0.000
-107.000,57.800,8.000,1.000
-125.000,99.800,-5.600,0.000
-143.000,127.400,-3.200,0.000
373.000,-82.200,0.000,1.000
364.000,-59.400,-6.800,0.000
352.000,-34.600,-5.200,0.000
313.000,1.800,0.000,1.000
286.000,59.400,-4.400,0.000
271.000,77.400,-2.400,0.000
259.000,84.600,-0.800,0.000
202.000,31.400,6.800,0.000
196.000,17.400,7.600,1.000
184.000,47.000,-6.400,0.000
181.000,53.400,-6.000,0.000
169.000,75.000,-4.400,0.000
118.000,95.400,2.400,0.000
109.000,87.000,3.600,0.000
106.000,83.400,4.000,0.000
94.000,65.000,5.600,0.000
79.000,33.000,7.600,1.000
76.000,41.000,-7.600,0.000
34.000,111.000,-2.000,0.000
28.000,114.600,-1.200,0.000
-14.000,95.000,4.400,0.000
478.000,77.800,1.200,0.000
439.000,31.000,6.400,0.000
421.000,-13.400,8.800,0.000
415.000,-31.400,9.600,1.000
388.000,26.200,-4.400,0.000
382.000,34.600,-3.600,0.000
364.000,50.200,-1.200,0.000
325.000,34.600,4.000,0.000
310.000,10.600,6.000,1.000
298.000,40.200,-6.400,0.000
286.000,63.400,-4.800,0.000
232.000,88.600,2.400,0.000
187.000,10.600,8.400,1.000
175.000,40.200,-6.400,0.000
157.000,72.600,-4.000,0.000
139.000,90.600,-1.600,0.000
124.000,94.600,0.400,0.000
121.000,94.200,0.800,0.000
118.000,93.400,1.200,0.000
70.000,26.200,7.600,1.000
64.000,41.800,-7.200,0.000
43.000,83.800,-4.400,0.000
-2.000,107.800,1.600,0.000
-5.000,106.200,2.000,0.000
-26.000,83.800,4.800,0.000
-29.000,79.000,5.200,0.000
-32.000,73.800,5.600,0.000
-44.000,49.000,7.200,1.000
-47.000,57.000,-7.600,0.000
-53.000,71.800,-6.800,0.000
-71.000,106.600,-4.400,0.000
-107.000,133.000,0.400,0.000
-140.000,106.600,4.800,0.000
349.000,34.600,11.600,1.000
307.000,110.200,-2.400,0.000
295.000,117.400,-0.800,0.000
289.000,118.600,0.000,0.000
286.000,118.600,0.400,0.000
253.000,92.200,4.800,0.000
238.000,64.200,6.800,0.000
235.000,57.400,7.200,0.000
223.000,26.200,8.800,1.000
211.000,55.800,-6.400,0.000
208.000,62.200,-6.000,0.000
193.000,88.200,-4.000,0.000
154.000,109.000,1.200,0.000
97.000,17.800,8.800,1.000
49.000,97.800,-1.600,0.000
43.000,100.600,-0.800,0.000
28.000,100.600,1.200,0.000
25.000,99.400,1.600,0.000
-8.000,59.800,6.000,1.000
-11.000,67.800,-7.600,0.000
-26.000,101.800,-5.600,0.000
-41.000,125.800,-3.600,0.000
-47.000,132.600,-2.800,0.000
-104.000,117.400,4.800,0.000
-107.000,112.600,5.200,0.000
-122.000,82.600,7.200,0.000
-131.000,59.800,8.400,1.000
-140.000,82.600,-6.800,0.000
349.000,111.800,0.000,0.000
343.000,111.400,0.800,0.000
334.000,107.800,2.000,0.000
328.000,103.400,2.800,0.000
307.000,75.400,5.600,0.000
298.000,57.400,6.800,0.000
295.000,50.600,7.200,1.000
286.000,73.400,-6.800,0.000
262.000,116.600,-3.600,0.000
232.000,134.600,0.400,0.000
226.000,133.400,1.200,0.000
175.000,58.600,8.000,0.000
169.000,42.200,8.800,1.000
139.000,104.200,-4.000,0.000
136.000,108.200,-3.600,0.000
121.000,122.200,-1.600,0.000
115.000,125.000,-0.800,0.000
109.000,126.200,0.000,0.000
67.000,89.800,5.600,0.000
55.000,65.000,7.200,0.000
46.000,42.200,8.400,1.000
37.000,65.000,-6.800,0.000
28.000,84.200,-5.600,0.000
22.000,95.000,-4.800,0.000
10.000,111.800,-3.200,0.000
-26.000,123.800,1.600,0.000
-71.000,57.800,7.600,1.000
-86.000,93.800,-6.000,0.000
-92.000,105.400,-5.200,0.000
-98.000,115.400,-4.400,0.000
-116.000,135.800,-2.000,0.000
376.000,119.800,4.400,0.000
355.000,80.600,7.200,1.000
346.000,103.400,-6.800,0.000
334.000,128.200,-5.200,0.000
328.000,138.200,-4.400,0.000
322.000,146.600,-3.600,0.000
247.000,116.600,6.400,0.000
217.000,34.600,10.400,1.000
202.000,70.600,-6.000,0.000
199.000,76.600,-5.600,0.000
196.000,82.200,-5.200,0.000
184.000,100.600,-3.600,0.000
154.000,118.600,0.400,0.000
130.000,104.200,3.600,0.000
115.000,82.200,5.600,0.000
100.000,50.200,7.600,0.000
97.000,42.600,8.000,1.000
82.000,78.600,-6.000,0.000
40.000,126.200,-0.400,0.000
25.000,124.200,1.600,0.000
13.000,115.400,3.200,0.000
-20.000,58.200,7.600,1.000
-47.000,115.800,-4.400,0.000
-80.000,142.200,0.000,0.000
-146.000,49.800,8.800,1.000
343.000,99.400,-1.200,0.000
337.000,101.400,-0.400,0.000
316.000,95.800,2.400,0.000
313.000,93.400,2.800,0.000
310.000,90.600,3.200,0.000
277.000,33.400,7.600,1.000
253.000,86.200,-4.800,0.000
238.000,106.200,-2.800,0.000
229.000,113.400,-1.600,0.000
151.000,25.000,8.800,1.000
94.000,108.600,-0.400,0.000
82.000,107.800,1.200,0.000
70.000,100.600,2.800,0.000
43.000,61.000,6.400,0.000
34.000,40.600,7.600,1.000
4.000,102.600,-4.000,0.000
1.000,106.600,-3.600,0.000
-23.000,124.200,-0.400,0.000
-77.000,70.200,6.800,0.000
-80.000,63.400,7.200,1.000
-83.000,71.400,-7.600,0.000
-116.000,133.000,-3.200,0.000
-140.000,147.400,0.000,0.000
-161.000,139.000,2.800,0.000
364.000,185.000,4.800,0.000
346.000,150.200,7.200,0.000
328.000,101.000,9.600,0.000
313.000,49.000,11.600,1.000
289.000,101.800,-4.800,0.000
232.000,124.600,2.800,0.000
211.000,96.600,5.600,0.000
187.000,40.600,8.800,1.000
169.000,82.600,-5.600,0.000
160.000,98.200,-4.400,0.000
124.000,124.600,0.400,0.000
118.000,123.400,1.200,0.000
112.000,120.600,2.000,0.000
94.000,102.600,4.400,0.000
61.000,32.200,8.800,1.000
58.000,40.200,-7.600,0.000
10.000,113.800,-1.200,0.000
-2.000,116.200,0.400,0.000
-32.000,94.200,4.400,0.000
-56.000,47.800,7.600,1.000
-74.000,89.800,-5.600,0.000
-80.000,100.600,-4.800,0.000
-95.000,120.600,-2.800,0.000
337.000,33.400,11.600,1.000
328.000,56.200,-6.800,0.000
295.000,109.000,-2.400,0.000
277.000,117.400,0.000,0.000
229.000,69.400,6.400,0.000
226.000,63.000,6.800,0.000
217.000,41.400,8.000,0.000
208.000,16.200,9.200,1.000
184.000,69.000,-4.800,0.000
154.000,99.000,-0.800,0.000
145.000,100.200,0.400,0.000
124.000,89.000,3.200,0.000
115.000,78.200,4.400,0.000
94.000,39.000,7.200,1.000
70.000,91.800,-4.800,0.000
34.000,123.000,0.000,0.000
-23.000,54.600,7.600,1.000
-44.000,102.200,-5.200,0.000
-62.000,127.400,-2.800,0.000
-77.000,137.400,-0.800,0.000
-80.000,138.200,-0.400,0.000
-131.000,90.600,6.400,1.000
-149.000,132.600,-5.600,0.000
373.000,-31.800,-3.200,0.000
346.000,-17.400,0.400,1.000
322.000,35.400,-4.800,0.000
274.000,64.200,1.600,0.000
238.000,18.600,6.400,0.000
232.000,5.400,7.200,1.000
196.000,75.000,-3.200,0.000
166.000,89.000,0.800,0.000
127.000,47.400,6.000,0.000
118.000,28.200,7.200,0.000
109.000,5.400,8.400,1.000
70.000,78.200,-2.800,0.000
37.000,87.000,1.600,0.000
19.000,71.400,4.000,0.000
10.000,58.200,5.200,0.000
7.000,53.000,5.600,1.000
-65.000,134.600,1.600,0.000
-110.000,68.600,7.600,1.000
-128.000,110.600,-5.600,0.000
364.000,120.200,0.800,0.000
337.000,98.600,4.400,0.000
328.000,84.200,5.600,1.000
247.000,159.800,2.800,0.000
184.000,17.000,11.200,1.000
124.000,101.000,0.000,0.000
97.000,86.600,3.600,0.000
76.000,53.000,6.400,1.000
58.000,95.000,-5.600,0.000
46.000,115.000,-4.000,0.000
43.000,119.000,-3.600,0.000
22.000,135.800,-0.800,0.000
-29.000,95.000,6.000,0.000
-38.000,75.800,7.200,1.000
-53.000,111.800,-6.000,0.000
-137.000,128.600,5.200,0.000
-149.000,105.400,6.800,0.000
346.000,185.400,12.800,0.000
337.000,145.800,14.000,1.000
334.000,153.800,-7.600,0.000
331.000,161.400,-7.200,0.000
310.000,203.400,-4.400,0.000
289.000,225.800,-1.600,0.000
253.000,218.600,3.200,0.000
244.000,207.800,4.400,0.000
190.000,67.400,11.600,1.000
178.000,97.000,-6.400,0.000
133.000,151.000,-0.400,0.000
127.000,151.400,0.400,0.000
79.000,97.000,6.800,0.000
61.000,50.200,9.200,1.000
49.000,79.800,-6.400,0.000
31.000,112.200,-4.000,0.000
-11.000,131.800,1.600,0.000
-59.000,58.200,8.000,1.000
-71.000,87.800,-6.400,0.000
-86.000,115.800,-4.400,0.000
-128.000,141.000,1.200,0.000
-137.000,136.200,2.400,0.000
-140.000,133.800,2.800,0.000
-143.000,131.000,3.200,0.000
-152.000,120.200,4.400,0.000
-158.000,111.000,5.200,1.000
376.000,-65.400,-7.200,0.000
367.000,-45.000,-6.000,0.000
355.000,-23.400,-4.400,0.000
349.000,-15.000,-3.600,0.000
346.000,-11.400,-3.200,0.000
325.000,2.600,-0.400,0.000
313.000,1.800,1.200,1.000
298.000,37.800,-6.000,0.000
289.000,54.600,-4.800,0.000
253.000,85.800,0.000,0.000
247.000,85.400,0.800,0.000
238.000,81.800,2.000,0.000
229.000,74.600,3.200,0.000
205.000,37.800,6.400,0.000
190.000,1.800,8.400,0.000
187.000,-6.600,8.800,1.000
175.000,23.000,-6.400,0.000
76.000,23.000,6.800,1.000
-2.000,101.000,2.400,0.000
-35.000,52.600,6.800,1.000
-38.000,60.600,-7.600,0.000
-95.000,136.600,0.000,0.000
-122.000,122.200,3.600,0.000
-152.000,68.200,7.600,1.000
-158.000,83.800,-7.200,0.000
289.000,153.000,5.200,0.000
274.000,123.000,7.200,0.000
244.000,33.000,11.200,0.000
238.000,10.200,12.000,1.000
235.000,18.200,-7.600,0.000
193.000,88.200,-2.000,0.000
181.000,93.800,-0.400,0.000
124.000,33.000,7.200,1.000
73.000,114.600,-1.200,0.000
70.000,115.800,-0.800,0.000
22.000,80.600,5.600,0.000
4.000,41.000,8.000,1.000
-53.000,124.600,-0.400,0.000
-86.000,107.000,4.000,0.000
-110.000,63.800,7.200,1.000
-140.000,125.800,-4.000,0.000
364.000,179.400,0.800,0.000
358.000,177.400,1.600,0.000
328.000,143.400,5.600,0.000
310.000,103.800,8.000,0.000
292.000,49.800,10.400,1.000
283.000,72.600,-6.800,0.000
253.000,122.600,-2.800,0.000
184.000,85.800,6.400,0.000
160.000,23.400,9.600,1.000
115.000,101.400,-2.000,0.000
109.000,105.000,-1.200,0.000
55.000,65.400,6.000,0.000
46.000,46.200,7.200,1.000
-41.000,115.800,3.600,0.000
-71.000,61.800,7.600,1.000
-95.000,114.600,-4.800,0.000
-107.000,131.400,-3.200,0.000
-128.000,145.400,-0.400,0.000
-143.000,143.400,1.600,0.000
-152.000,137.400,2.800,0.000
322.000,15.400,11.600,1.000
310.000,45.000,-6.400,0.000
301.000,63.000,-5.200,0.000
298.000,68.200,-4.800,0.000
256.000,99.000,0.800,0.000
244.000,93.400,2.400,0.000
205.000,31.000,7.600,1.000
160.000,109.000,-2.000,0.000
76.000,13.800,9.200,1.000
70.000,29.400,-7.200,0.000
58.000,55.800,-5.600,0.000
19.000,97.400,-0.400,0.000
7.000,96.600,1.200,0.000
-23.000,66.600,5.200,1.000
-50.000,124.200,-4.400,0.000
-89.000,150.200,0.800,0.000
370.000,84.200,11.600,0.000
361.000,48.200,12.800,1.000
358.000,56.200,-7.600,0.000
349.000,77.800,-6.400,0.000
337.000,101.000,-4.800,0.000
322.000,121.000,-2.800,0.000
280.000,123.800,2.800,0.000
241.000,56.200,8.000,1.000
229.000,85.800,-6.400,0.000
217.000,109.000,-4.800,0.000
187.000,139.000,-0.800,0.000
166.000,136.200,2.000,0.000
127.000,79.000,7.200,0.000
112.000,39.000,9.200,1.000
106.000,54.600,-7.200,0.000
70.000,114.600,-2.400,0.000
13.000,116.600,-7.200,0.000
7.000,130.600,-6.400,0.000
-2.000,148.600,-5.200,0.000
433.000,-78.200,7.200,1.000
361.000,3.400,1.600,0.000
352.000,-2.600,2.800,0.000
328.000,-36.200,6.000,1.000
235.000,25.800,4.400,1.000
220.000,61.800,-6.000,0.000
187.000,105.800,-1.600,0.000
154.000,101.400,2.800,0.000
115.000,33.800,8.000,1.000
88.000,91.400,-4.400,0.000
-11.000,25.400,8.800,1.000
-38.000,83.000,-4.400,0.000
-56.000,103.400,-2.000,0.000
-83.000,107.000,1.600,0.000
-86.000,105.400,2.000,0.000
-92.000,101.000,2.800,0.000
-110.000,78.200,5.200,0.000
-128.000,41.000,7.600,1.000
-131.000,49.000,-7.600,0.000
358.000,219.800,-0.800,0.000
337.000,217.000,2.000,0.000
313.000,189.800,5.200,0.000
307.000,179.000,6.000,0.000
295.000,152.600,7.600,0.000
256.000,22.600,12.800,1.000
244.000,52.200,-6.400,0.000
190.000,106.200,0.800,0.000
145.000,52.200,6.800,0.000
139.000,38.200,7.600,1.000
100.000,111.000,-2.800,0.000
52.000,107.800,3.600,0.000
19.000,46.200,8.000,1.000
10.000,69.000,-6.800,0.000
7.000,75.800,-6.400,0.000
-32.000,127.800,-1.200,0.000
-89.000,82.200,6.400,0.000
-95.000,69.000,7.200,0.000
-101.000,54.200,8.000,1.000
-125.000,107.000,-4.800,0.000
343.000,239.800,4.800,0.000
319.000,190.200,8.000,0.000
310.000,165.000,9.200,0.000
292.000,103.800,11.600,0.000
286.000,80.200,12.400,0.000
277.000,41.800,13.600,1.000
232.000,119.800,-2.000,0.000
211.000,125.400,0.800,0.000
160.000,57.400,7.600,0.000
151.000,33.400,8.800,1.000
136.000,69.400,-6.000,0.000
88.000,117.400,0.400,0.000
34.000,49.000,7.600,1.000
13.000,96.600,-5.200,0.000
1.000,115.000,-3.600,0.000
-8.000,124.600,-2.400,0.000
-23.000,132.600,-0.400,0.000
-59.000,111.000,4.400,0.000
-77.000,78.600,6.800,0.000
-80.000,71.800,7.200,1.000
-116.000,141.400,-3.200,0.000
-119.000,144.600,-2.800,0.000
-125.000,149.800,-2.000,0.000
373.000,109.400,3.600,0.000
367.000,101.800,4.400,0.000
334.000,31.400,8.800,1.000
304.000,93.400,-4.000,0.000
283.000,113.000,-1.200,0.000
259.000,111.400,2.000,0.000
241.000,93.400,4.400,0.000
220.000,54.200,7.200,0.000
214.000,39.400,8.000,1.000
211.000,47.400,-7.600,0.000
205.000,62.200,-6.800,0.000
181.000,105.400,-3.600,0.000
160.000,122.200,-0.800,0.000
109.000,81.400,6.000,0.000
94.000,47.400,8.000,1.000
-11.000,89.400,6.000,0.000
-29.000,47.400,8.400,0.000
-35.000,30.200,9.200,1.000
-41.000,45.800,-7.200,0.000
-137.000,77.800,5.600,1.000
361.000,89.400,-2.400,0.000
301.000,61.400,5.600,0.000
286.000,29.400,7.600,1.000
274.000,59.000,-6.400,0.000
259.000,87.000,-4.400,0.000
253.000,95.400,-3.600,0.000
220.000,113.000,0.800,0.000
217.000,112.200,1.200,0.000
172.000,52.200,7.200,0.000
166.000,37.400,8.000,1.000
163.000,45.400,-7.600,0.000
133.000,103.400,-3.600,0.000
73.000,99.400,4.400,0.000
67.000,90.200,5.200,0.000
49.000,53.000,7.600,1.000
40.000,75.800,-6.800,0.000
-29.000,131.000,2.400,0.000
-74.000,53.000,8.400,1.000
-83.000,75.800,-6.800,0.000
-113.000,125.800,-2.800,0.000
-140.000,136.600,0.800,0.000
-152.000,131.000,2.400,0.000
322.000,81.800,11.200,1.000
298.000,134.600,-4.800,0.000
235.000,151.400,3.600,0.000
229.000,143.800,4.400,0.000
226.000,139.400,4.800,0.000
220.000,129.400,5.600,0.000
211.000,111.400,6.800,0.000
184.000,35.800,10.400,1.000
112.000,117.400,1.600,0.000
64.000,43.800,8.000,1.000
52.000,73.400,-6.400,0.000
28.000,113.400,-3.200,0.000
1.000,127.800,0.400,0.000
-2.000,127.400,0.800,0.000
-35.000,96.600,5.200,0.000
-53.000,59.400,7.600,1.000
-71.000,101.400,-5.600,0.000
-101.000,139.400,-1.600,0.000
-110.000,143.000,-0.400,0.000
-137.000,132.200,3.200,0.000
-140.000,129.000,3.600,0.000
367.000,35.400,8.000,1.000
349.000,77.400,-5.600,0.000
301.000,119.000,0.800,0.000
298.000,118.200,1.200,0.000
289.000,113.400,2.400,0.000
268.000,88.200,5.200,0.000
247.000,43.400,8.000,1.000
232.000,79.400,-6.000,0.000
223.000,96.200,-4.800,0.000
160.000,113.000,3.600,0.000
148.000,96.200,5.200,0.000
121.000,35.000,8.800,1.000
106.000,71.000,-6.000,0.000
100.000,82.600,-5.200,0.000
88.000,101.000,-3.600,0.000
61.000,119.000,0.000,0.000
10.000,64.600,6.800,0.000
4.000,50.600,7.600,1.000
-5.000,73.400,-6.800,0.000
-23.000,108.200,-4.400,0.000
-47.000,132.200,-1.200,0.000
-116.000,58.600,8.000,0.000
-128.000,24.200,9.600,1.000
-137.000,47.000,-6.800,0.000
-143.000,60.200,-6.000,0.000
331.000,-28.200,2.800,1.000
295.000,41.400,-3.200,0.000
262.000,54.600,1.200,0.000
247.000,44.600,3.200,0.000
232.000,24.600,5.200,1.000
217.000,60.600,-6.000,0.000
208.000,77.400,-4.800,0.000
196.000,94.200,-3.200,0.000
193.000,97.400,-2.800,0.000
190.000,100.200,-2.400,0.000
121.000,54.200,6.800,0.000
115.000,40.200,7.600,1.000
109.000,55.800,-7.200,0.000
40.000,120.200,2.000,0.000
19.000,97.800,4.800,0.000
16.000,93.000,5.200,0.000
-2.000,55.800,7.600,1.000
-65.000,139.800,0.400,0.000
-83.000,131.400,2.800,0.000
-104.000,103.400,5.600,0.000
-110.000,91.800,6.400,0.000
-122.000,63.800,8.000,1.000
-149.000,121.400,-4.400,0.000
373.000,205.800,-2.000,0.000
325.000,189.800,4.400,0.000
310.000,163.800,6.400,0.000
298.000,135.800,8.000,0.000
283.000,91.800,10.000,1.000
271.000,121.400,-6.400,0.000
247.000,161.400,-3.200,0.000
241.000,167.400,-2.400,0.000
166.000,107.400,7.600,0.000
163.000,99.800,8.000,0.000
148.000,55.800,10.000,1.000
139.000,78.600,-6.800,0.000
121.000,113.400,-4.400,0.000
118.000,117.800,-4.000,0.000
64.000,128.600,3.200,0.000
22.000,47.400,8.800,1.000
16.000,63.000,-7.200,0.000
-14.000,117.000,-3.200,0.000
-23.000,125.400,-2.000,0.000
-38.000,131.400,0.000,0.000
-44.000,131.000,0.800,0.000
-71.000,109.400,4.400,0.000
-83.000,89.400,6.000,0.000
-89.000,77.000,6.800,0.000
-95.000,63.000,7.600,1.000
-104.000,85.800,-6.800,0.000
-113.000,105.000,-5.600,0.000
-122.000,120.600,-4.400,0.000
-134.000,135.800,-2.800,0.000
370.000,143.000,2.000,0.000
352.000,125.000,4.400,0.000
334.000,92.600,6.800,0.000
328.000,78.600,7.600,1.000
271.000,162.200,-0.400,0.000
250.000,156.600,2.400,0.000
247.000,154.200,2.800,0.000
214.000,101.400,7.200,0.000
196.000,52.200,9.600,1.000
169.000,109.800,-4.400,0.000
157.000,125.000,-2.800,0.000
154.000,127.800,-2.400,0.000
148.000,132.200,-1.600,0.000
145.000,133.800,-1.200,0.000
100.000,109.800,4.800,0.000
91.000,94.200,6.000,0.000
67.000,35.000,9.200,1.000
49.000,77.000,-5.600,0.000
43.000,87.800,-4.800,0.000
1.000,118.600,0.800,0.000
-23.000,101.000,4.000,0.000
-53.000,43.000,8.000,1.000
-77.000,95.800,-4.800,0.000
-83.000,105.000,-4.000,0.000
-116.000,127.000,0.400,0.000
-149.000,100.600,4.800,1.000
364.000,30.200,-4.400,0.000
292.000,25.400,5.200,0.000
283.000,8.600,6.400,1.000
271.000,38.200,-6.400,0.000
226.000,92.200,-0.400,0.000
223.000,92.600,0.000,0.000
190.000,70.600,4.400,0.000
166.000,24.200,7.600,1.000
157.000,47.000,-6.800,0.000
109.000,107.800,-0.400,0.000
106.000,108.200,0.000,0.000
82.000,97.000,3.200,0.000
43.000,24.200,8.400,0.000
40.000,15.800,8.800,1.000
16.000,68.600,-4.800,0.000
7.000,81.800,-3.600,0.000
-8.000,95.800,-1.600,0.000
-20.000,99.800,0.000,0.000
-53.000,77.800,4.400,0.000
-56.000,73.400,4.800,0.000
-65.000,57.800,6.000,1.000
-74.000,80.600,-6.800,0.000
-143.000,135.800,2.400,0.000
352.000,57.800,8.400,1.000
328.000,110.600,-4.800,0.000
307.000,135.800,-2.000,0.000
277.000,137.800,2.000,0.000
247.000,99.800,6.000,0.000
223.000,40.600,9.200,1.000
220.000,48.600,-7.600,0.000
208.000,76.600,-6.000,0.000
103.000,48.600,8.000,1.000
100.000,56.600,-7.600,0.000
67.000,118.200,-3.200,0.000
43.000,132.600,0.000,0.000
37.000,132.200,0.800,0.000
1.000,96.200,5.600,0.000
-14.000,64.200,7.600,0.000
-17.000,56.600,8.000,1.000
-38.000,104.200,-5.200,0.000
-47.000,118.600,-4.000,0.000
-62.000,134.600,-2.000,0.000
-89.000,138.200,1.600,0.000
-125.000,92.600,6.400,0.000
-134.000,72.200,7.600,1.000
-143.000,95.000,-6.800,0.000
373.000,138.200,-3.600,0.000
349.000,155.800,-0.400,0.000
280.000,63.800,8.800,0.000
274.000,45.800,9.600,1.000
253.000,93.400,-5.200,0.000
250.000,98.600,-4.800,0.000
154.000,53.800,8.000,0.000
142.000,19.400,9.600,1.000
133.000,42.200,-6.800,0.000
118.000,72.200,-4.800,0.000
112.000,81.400,-4.000,0.000
106.000,89.000,-3.200,0.000
91.000,101.000,-1.200,0.000
76.000,103.000,0.800,0.000
43.000,72.200,5.200,0.000
37.000,61.400,6.000,0.000
28.000,42.200,7.200,1.000
-89.000,57.800,7.600,1.000
-107.000,99.800,-5.600,0.000
370.000,165.400,2.800,0.000
325.000,81.400,8.800,0.000
316.000,53.800,10.000,0.000
310.000,33.400,10.800,1.000
253.000,117.000,-0.400,0.000
238.000,115.000,1.600,0.000
235.000,113.400,2.000,0.000
184.000,25.000,8.800,1.000
118.000,108.600,0.800,0.000
112.000,106.600,1.600,0.000
109.000,105.000,2.000,0.000
79.000,67.000,6.000,0.000
67.000,40.600,7.600,0.000
64.000,33.000,8.000,1.000
49.000,69.000,-6.000,0.000
28.000,102.600,-3.200,0.000
-53.000,48.600,7.600,1.000
-80.000,106.200,-4.400,0.000
-110.000,132.200,-0.400,0.000
-128.000,128.600,2.000,0.000
346.000,184.200,10.800,0.000
337.000,150.600,12.000,0.000
319.000,72.600,14.400,1.000
301.000,114.600,-5.600,0.000
298.000,120.200,-5.200,0.000
262.000,156.200,-0.400,0.000
247.000,154.200,1.600,0.000
208.000,102.200,6.800,0.000
184.000,36.600,10.000,1.000
154.000,98.600,-4.000,0.000
151.000,102.600,-3.600,0.000
97.000,106.200,3.600,0.000
61.000,36.600,8.400,1.000
46.000,72.600,-6.000,0.000
31.000,98.600,-4.000,0.000
4.000,120.200,-0.400,0.000
-59.000,44.600,8.000,1.000
-89.000,106.600,-4.000,0.000
-113.000,127.400,-0.800,0.000
-158.000,97.400,5.200,1.000
334.000,49.400,-1.600,0.000
316.000,53.000,0.800,0.000
277.000,11.400,6.000,1.000
241.000,81.000,-3.200,0.000
202.000,91.400,2.000,0.000
184.000,73.400,4.400,0.000
169.000,47.400,6.400,1.000
88.000,123.000,2.800,0.000
46.000,47.400,8.400,0.000
40.000,30.200,9.200,1.000
22.000,72.200,-5.600,0.000
-14.000,113.000,-0.800,0.000
-65.000,72.200,6.000,0.000
-71.000,59.800,6.800,1.000
-161.000,125.800,4.000,0.000
364.000,37.800,6.000,0.000
358.000,25.400,6.800,1.000
307.000,107.000,-1.200,0.000
298.000,109.400,0.000,0.000
259.000,78.200,5.200,1.000
229.000,140.200,-4.000,0.000
217.000,153.800,-2.400,0.000
187.000,159.800,1.600,0.000
178.000,153.800,2.800,0.000
130.000,61.000,9.200,0.000
124.000,42.200,10.000,1.000
115.000,65.000,-6.800,0.000
7.000,57.800,7.600,1.000
-14.000,105.400,-5.200,0.000
-26.000,123.800,-3.600,0.000
-53.000,141.800,0.000,0.000
-62.000,140.600,1.200,0.000
-113.000,65.800,8.000,1.000
-152.000,138.600,-2.800,0.000
334.000,255.800,4.400,0.000
325.000,241.400,5.600,0.000
310.000,209.400,7.600,0.000
259.000,25.800,14.400,1.000
220.000,98.600,-2.800,0.000
214.000,103.800,-2.000,0.000
199.000,109.800,0.000,0.000
184.000,105.800,2.000,0.000
145.000,48.600,7.200,1.000
22.000,48.600,8.400,1.000
-5.000,106.200,-4.400,0.000
-38.000,132.600,0.000,0.000
-59.000,124.200,2.800,0.000
-92.000,71.400,7.200,1.000
-95.000,79.400,-7.600,0.000
-101.000,94.200,-6.800,0.000
-152.000,155.400,0.000,0.000
-155.000,155.400,0.400,0.000
346.000,183.000,5.600,0.000
331.000,151.000,7.600,0.000
295.000,33.400,12.400,1.000
274.000,81.000,-5.200,0.000
172.000,33.400,8.400,1.000
142.000,95.400,-4.000,0.000
103.000,116.200,1.200,0.000
100.000,115.000,1.600,0.000
79.000,95.400,4.400,0.000
67.000,75.400,6.000,0.000
55.000,49.000,7.600,1.000
43.000,78.600,-6.400,0.000
19.000,118.600,-3.200,0.000
10.000,127.000,-2.000,0.000
1.000,131.800,-0.800,0.000
-8.000,133.000,0.400,0.000
-20.000,129.000,2.000,0.000
-50.000,91.000,6.000,0.000
-59.000,71.800,7.200,1.000
-101.000,147.400,-2.400,0.000
-137.000,149.800,2.400,0.000
-155.000,129.400,4.800,1.000
-158.000,137.400,-7.600,0.000
352.000,-60.600,-3.600,0.000
328.000,-43.000,-0.400,0.000
325.000,-42.600,0.000,0.000
301.000,-53.800,3.200,1.000
298.000,-45.800,-7.600,0.000
247.000,29.000,-0.800,0.000
244.000,29.800,-0.400,0.000
235.000,29.800,0.800,0.000
226.000,26.200,2.000,0.000
214.000,15.800,3.600,1.000
145.000,98.600,1.200,0.000
136.000,93.800,2.400,0.000
97.000,31.400,7.600,1.000
70.000,89.000,-4.400,0.000
49.000,111.400,-1.600,0.000
46.000,113.000,-1.200,0.000
-11.000,67.400,6.400,0.000
-17.000,54.200,7.200,1.000
-71.000,137.000,-0.800,0.000
-113.000,111.800,4.800,0.000
-131.000,77.000,7.200,0.000
364.000,23.000,13.200,0.000
361.000,9.800,13.600,1.000
331.000,71.800,-4.000,0.000
325.000,79.400,-3.200,0.000
313.000,89.800,-1.600,0.000
304.000,93.400,-0.400,0.000
268.000,71.800,4.400,0.000
259.000,57.400,5.600,0.000
250.000,39.400,6.800,1.000
232.000,81.400,-5.600,0.000
139.000,69.000,6.800,0.000
130.000,47.400,8.000,1.000
121.000,70.200,-6.800,0.000
115.000,83.400,-6.000,0.000
106.000,100.200,-4.800,0.000
31.000,100.200,5.200,0.000
16.000,70.200,7.200,0.000
4.000,39.000,8.800,1.000
-23.000,96.600,-4.400,0.000
-41.000,117.000,-2.000,0.000
-56.000,123.000,0.000,0.000
-80.000,111.800,3.200,0.000
-104.000,75.000,6.400,1.000
-110.000,90.600,-7.200,0.000
367.000,157.800,1.200,0.000
358.000,153.000,2.400,0.000
340.000,132.600,4.800,0.000
337.000,127.800,5.200,0.000
334.000,122.600,5.600,0.000
331.000,117.000,6.000,0.000
322.000,97.800,7.200,0.000
295.000,18.600,10.800,1.000
289.000,34.200,-7.200,0.000
280.000,54.600,-6.000,0.000
268.000,76.200,-4.400,0.000
247.000,98.600,-1.600,0.000
181.000,41.400,7.200,0.000
178.000,34.200,7.600,1.000
133.000,112.200,-2.000,0.000
73.000,76.200,6.000,0.000
55.000,34.200,8.400,1.000
-2.000,117.800,-0.400,0.000
-32.000,103.800,3.600,0.000
-47.000,81.800,5.600,0.000
-50.000,76.200,6.000,0.000
-59.000,57.000,7.200,1.000
-113.000,139.800,-0.800,0.000
-116.000,140.600,-0.400,0.000
-134.000,137.000,2.000,0.000
-137.000,135.000,2.400,0.000
-143.000,129.800,3.200,0.000
-149.000,123.000,4.000,0.000
376.000,67.000,6.000,0.000
361.000,33.000,8.000,1.000
325.000,102.600,-3.200,0.000
280.000,108.600,2.800,0.000
277.000,105.800,3.200,0.000
247.000,55.800,7.200,0.000
244.000,48.600,7.600,1.000
220.000,101.400,-4.800,0.000
202.000,124.200,-2.400,0.000
199.000,126.600,-2.000,0.000
193.000,130.200,-1.200,0.000
187.000,132.200,-0.400,0.000
184.000,132.600,0.000,0.000
145.000,101.400,5.200,0.000
139.000,90.600,6.000,0.000
115.000,31.400,9.200,1.000
109.000,47.000,-7.200,0.000
88.000,89.000,-4.400,0.000
28.000,101.000,3.600,0.000
16.000,84.200,5.200,0.000
-5.000,39.400,8.000,1.000
-11.000,55.000,-7.200,0.000
-23.000,81.400,-5.600,0.000
-53.000,119.400,-1.600,0.000
-92.000,109.000,3.600,0.000
-125.000,47.400,8.000,1.000
-140.000,83.400,-6.000,0.000
-152.000,105.000,-4.400,0.000
367.000,63.400,-1.600,0.000
352.000,67.400,0.400,0.000
307.000,19.400,6.400,1.000
277.000,81.400,-4.000,0.000
220.000,89.000,3.600,0.000
214.000,81.400,4.400,0.000
196.000,49.000,6.800,1.000
175.000,96.600,-5.200,0.000
160.000,118.600,-3.200,0.000
136.000,133.000,0.000,0.000
118.000,127.000,2.400,0.000
100.000,106.600,4.800,0.000
85.000,78.600,6.800,0.000
79.000,64.600,7.600,1.000
-44.000,64.600,8.400,1.000
-56.000,94.200,-6.400,0.000
-80.000,134.200,-3.200,0.000
-86.000,140.200,-2.400,0.000
373.000,160.600,8.400,0.000
370.000,152.200,8.800,0.000
367.000,143.400,9.200,0.000
361.000,124.600,10.000,0.000
349.000,82.200,11.600,0.000
334.000,20.200,13.600,1.000
265.000,103.000,1.200,0.000
250.000,93.000,3.200,0.000
235.000,73.000,5.200,1.000
178.000,156.600,-0.400,0.000
106.000,55.800,9.200,0.000
103.000,46.600,9.600,1.000
70.000,112.600,-3.600,0.000
67.000,116.200,-3.200,0.000
58.000,124.600,-2.000,0.000
25.000,124.600,2.400,0.000
4.000,99.400,5.200,0.000
-11.000,69.400,7.200,0.000
-14.000,62.200,7.600,1.000
-47.000,128.200,-3.600,0.000
-143.000,45.000,9.200,0.000
367.000,31.000,13.200,1.000
364.000,39.000,-7.600,0.000
352.000,67.000,-6.000,0.000
316.000,112.600,-1.200,0.000
307.000,115.000,0.000,0.000
253.000,53.800,7.200,1.000
244.000,76.600,-6.800,0.000
178.000,133.800,2.000,0.000
136.000,69.400,7.600,0.000
130.000,53.800,8.400,1.000
49.000,129.400,2.800,0.000
4.000,45.400,8.800,1.000
-11.000,81.400,-6.000,0.000
-41.000,123.400,-2.000,0.000
-47.000,127.000,-1.200,0.000
-113.000,61.000,7.600,1.000
-140.000,118.600,-4.400,0.000
370.000,80.600,-0.400,0.000
331.000,54.600,4.800,0.000
319.000,33.000,6.400,1.000
316.000,41.000,-7.600,0.000
313.000,48.600,-7.200,0.000
286.000,99.000,-3.600,0.000
265.000,115.800,-0.800,0.000
253.000,116.600,0.800,0.000
223.000,90.600,4.800,0.000
220.000,85.800,5.200,0.000
199.000,41.000,8.000,1.000
130.000,123.800,1.200,0.000
70.000,23.800,9.200,1.000
43.000,81.400,-4.400,0.000
31.000,96.600,-2.800,0.000
-32.000,71.400,5.600,0.000
-41.000,53.400,6.800,0.000
-44.000,46.600,7.200,1.000
-62.000,88.600,-5.600,0.000
-104.000,130.600,0.000,0.000
-110.000,130.200,0.800,0.000
364.000,52.200,9.600,0.000
358.000,32.600,10.400,0.000
355.000,22.200,10.800,1.000
349.000,37.800,-7.200,0.000
346.000,45.000,-6.800,0.000
283.000,103.800,1.600,0.000
271.000,95.000,3.200,0.000
238.000,37.800,7.600,1.000
217.000,85.400,-5.200,0.000
208.000,99.800,-4.000,0.000
193.000,115.800,-2.000,0.000
142.000,95.400,4.800,0.000
127.000,67.400,6.800,1.000
121.000,83.000,-7.200,0.000
85.000,143.000,-2.400,0.000
70.000,151.000,-0.400,0.000
37.000,133.400,4.000,0.000
10.000,83.000,7.600,0.000
4.000,67.400,8.400,1.000
-32.000,137.000,-3.200,0.000
-53.000,151.000,-0.400,0.000
-122.000,59.000,8.800,1.000
-128.000,74.600,-7.200,0.000
346.000,12.600,1.600,1.000
340.000,28.200,-7.200,0.000
325.000,60.200,-5.200,0.000
301.000,90.600,-2.000,0.000
250.000,70.200,4.800,0.000
232.000,35.400,7.200,1.000
172.000,119.400,0.000,0.000
166.000,119.000,0.800,0.000
121.000,65.000,6.800,1.000
115.000,80.600,-7.200,0.000
70.000,146.600,-1.200,0.000
67.000,147.800,-0.800,0.000
64.000,148.600,-0.400,0.000
52.000,147.800,1.200,0.000
49.000,146.600,1.600,0.000
-8.000,47.800,9.200,1.000
-29.000,95.400,-5.200,0.000
-59.000,129.400,-1.200,0.000
-89.000,123.400,2.800,0.000
-101.000,109.800,4.400,0.000
-107.000,100.600,5.200,0.000
-110.000,95.400,5.600,0.000
-134.000,39.400,8.800,1.000
-158.000,92.200,-4.800,0.000
376.000,165.400,-4.000,0.000
367.000,176.200,-2.800,0.000
316.000,169.400,4.000,0.000
313.000,165.400,4.400,0.000
265.000,47.000,10.800,1.000
262.000,55.000,-7.600,0.000
259.000,62.600,-7.200,0.000
241.000,99.800,-4.800,0.000
205.000,131.000,0.000,0.000
166.000,99.800,5.200,0.000
151.000,69.800,7.200,0.000
139.000,38.600,8.800,1.000
133.000,54.200,-7.200,0.000
106.000,104.600,-3.600,0.000
61.000,116.600,2.400,0.000
13.000,30.200,8.800,1.000
-14.000,87.800,-4.400,0.000
-47.000,114.200,0.000,0.000
-50.000,114.200,0.400,0.000
-65.000,108.200,2.400,0.000
-101.000,53.000,7.200,1.000
-104.000,61.000,-7.600,0.000
-122.000,100.600,-5.200,0.000
-152.000,134.600,-1.200,0.000
334.000,63.000,6.000,0.000
322.000,36.600,7.600,1.000
298.000,89.400,-4.800,0.000
277.000,114.600,-2.000,0.000
199.000,36.600,8.400,1.000
169.000,98.600,-4.000,0.000
163.000,106.200,-3.200,0.000
160.000,109.400,-2.800,0.000
151.000,116.600,-1.600,0.000
142.000,120.200,-0.400,0.000
133.000,120.200,0.800,0.000
103.000,94.200,4.800,0.000
76.000,36.600,8.400,1.000
55.000,84.200,-5.200,0.000
-5.000,112.200,2.800,0.000
-50.000,28.200,8.800,1.000
-62.000,57.800,-6.400,0.000
-113.000,112.200,0.400,0.000
-131.000,103.800,2.800,0.000
364.000,83.800,8.800,0.000
361.000,75.000,9.200,1.000
355.000,90.600,-7.200,0.000
331.000,137.000,-4.000,0.000
295.000,158.600,0.800,0.000
274.000,144.600,3.600,0.000
223.000,29.000,10.400,1.000
211.000,58.600,-6.400,0.000
178.000,107.000,-2.000,0.000
157.000,112.600,0.800,0.000
148.000,109.000,2.000,0.000
139.000,101.800,3.200,0.000
103.000,37.000,8.000,1.000
88.000,73.000,-6.000,0.000
85.000,79.000,-5.600,0.000
73.000,99.000,-4.000,0.000
-17.000,45.000,8.000,1.000
-65.000,125.000,-1.600,0.000
-68.000,126.600,-1.200,0.000
-137.000,53.000,8.000,1.000
-140.000,61.000,-7.600,0.000
322.000,32.600,2.800,0.000
295.000,-7.000,6.400,1.000
274.000,40.600,-5.200,0.000
217.000,71.000,2.400,0.000
205.000,59.000,4.000,0.000
196.000,45.800,5.200,1.000
190.000,61.400,-7.200,0.000
160.000,115.400,-3.200,0.000
157.000,118.600,-2.800,0.000
154.000,121.400,-2.400,0.000
133.000,129.800,0.400,0.000
112.000,118.600,3.200,0.000
109.000,115.400,3.600,0.000
88.000,81.800,6.400,0.000
70.000,37.400,8.800,1.000
67.000,45.400,-7.600,0.000
34.000,107.000,-3.200,0.000
-2.000,119.000,1.600,0.000
-17.000,107.000,3.600,0.000
-20.000,103.400,4.000,0.000
-47.000,53.000,7.600,1.000
-101.000,135.800,-0.800,0.000
-122.000,133.000,2.000,0.000
-146.000,105.800,5.200,0.000
-155.000,89.000,6.400,0.000
376.000,100.600,7.600,0.000
373.000,93.000,8.000,1.000
364.000,115.800,-6.800,0.000
307.000,176.600,0.800,0.000
259.000,115.800,7.200,0.000
253.000,101.000,8.000,0.000
244.000,75.800,9.200,0.000
241.000,66.600,9.600,0.000
238.000,57.000,10.000,1.000
229.000,79.800,-6.800,0.000
226.000,86.600,-6.400,0.000
148.000,123.000,4.000,0.000
139.000,109.800,5.200,0.000
106.000,30.600,9.600,1.000
61.000,108.600,-2.000,0.000
46.000,114.600,0.000,0.000
31.000,110.600,2.000,0.000
25.000,106.200,2.800,0.000
-11.000,46.200,7.600,1.000
-17.000,61.800,-7.200,0.000
-41.000,108.200,-4.000,0.000
-71.000,130.200,0.000,0.000
-125.000,69.000,7.200,1.000
292.000,229.000,8.400,0.000
274.000,172.600,10.800,0.000
262.000,127.000,12.400,0.000
256.000,101.800,13.200,0.000
241.000,31.800,15.200,1.000
208.000,97.800,-3.600,0.000
130.000,61.400,6.800,0.000
127.000,54.600,7.200,1.000
88.000,127.400,-2.800,0.000
10.000,70.200,7.600,0.000
-2.000,37.400,9.200,1.000
-23.000,85.000,-5.200,0.000
-44.000,113.000,-2.400,0.000
-113.000,67.000,6.800,1.000
-152.000,139.800,-2.800,0.000
-158.000,145.000,-2.000,0.000
373.000,-10.200,-0.800,0.000
370.000,-9.400,-0.400,0.000
358.000,-10.200,1.200,1.000
343.000,25.800,-6.000,0.000
316.000,65.400,-2.400,0.000
283.000,69.800,2.000,0.000
268.000,55.800,4.000,1.000
253.000,91.800,-6.000,0.000
247.000,103.400,-5.200,0.000
190.000,133.800,2.400,0.000
166.000,103.400,5.600,0.000
142.000,47.400,8.800,0.000
136.000,29.400,9.600,1.000
85.000,111.000,-1.200,0.000
31.000,71.400,6.000,0.000
22.000,52.200,7.200,1.000
19.000,60.200,-7.600,0.000
-41.000,136.200,0.400,0.000
-80.000,99.800,5.600,0.000
-89.000,81.800,6.800,0.000
-92.000,75.000,7.200,1.000
-140.000,155.000,-1.600,0.000
376.000,124.600,1.600,0.000
370.000,121.000,2.400,0.000
358.000,109.000,4.000,0.000
334.000,65.800,7.200,1.000
316.000,107.800,-5.600,0.000
292.000,141.400,-2.400,0.000
247.000,135.400,3.600,0.000
229.000,107.800,6.000,0.000
226.000,101.800,6.400,0.000
211.000,65.800,8.400,1.000
100.000,95.400,6.800,0.000
94.000,81.400,7.600,0.000
79.000,39.400,9.600,1.000
70.000,62.200,-6.800,0.000
-17.000,97.000,4.800,0.000
-23.000,87.000,5.600,0.000
-41.000,47.400,8.000,1.000
-122.000,123.000,2.800,0.000
-140.000,100.200,5.200,0.000
-143.000,95.000,5.600,0.000
-155.000,70.200,7.200,0.000
370.000,254.200,9.200,0.000
358.000,215.000,10.800,0.000
331.000,103.400,14.400,0.000
322.000,59.000,15.600,1.000
289.000,125.000,-3.600,0.000
277.000,137.000,-2.000,0.000
193.000,41.800,9.200,1.000
181.000,71.400,-6.400,0.000
145.000,121.800,-1.600,0.000
115.000,119.800,2.400,0.000
106.000,111.400,3.600,0.000
97.000,99.400,4.800,0.000
76.000,57.400,7.600,1.000
49.000,115.000,-4.400,0.000
43.000,123.400,-3.600,0.000
28.000,137.400,-1.600,0.000
1.000,137.400,2.000,0.000
-14.000,123.400,4.000,0.000
-20.000,115.000,4.800,0.000
-23.000,110.200,5.200,0.000
-50.000,49.000,8.800,1.000
-68.000,91.000,-5.600,0.000
-107.000,132.600,-0.400,0.000
367.000,49.000,8.400,0.000
361.000,31.800,9.200,1.000
316.000,109.800,-2.000,0.000
310.000,113.400,-1.200,0.000
295.000,115.400,0.800,0.000
241.000,39.800,8.000,1.000
220.000,87.400,-5.200,0.000
151.000,105.800,4.000,0.000
133.000,75.800,6.400,0.000
124.000,55.400,7.600,0.000
115.000,31.400,8.800,1.000
103.000,61.000,-6.400,0.000
85.000,93.400,-4.000,0.000
73.000,107.000,-2.400,0.000
37.000,109.400,2.400,0.000
7.000,67.400,6.400,0.000
4.000,61.000,6.800,0.000
-2.000,47.000,7.600,0.000
-8.000,31.400,8.400,1.000
-29.000,79.000,-5.200,0.000
-41.000,97.400,-3.600,0.000
-44.000,101.000,-3.200,0.000
-65.000,115.000,-0.400,0.000
-74.000,115.000,0.800,0.000
-113.000,73.400,6.000,1.000
-128.000,109.400,-6.000,0.000
343.000,50.200,3.200,0.000
337.000,43.400,4.000,0.000
328.000,30.200,5.200,0.000
322.000,19.400,6.000,1.000
316.000,35.000,-7.200,0.000
310.000,49.000,-6.400,0.000
283.000,92.200,-2.800,0.000
280.000,95.000,-2.400,0.000
265.000,103.000,-0.400,0.000
196.000,11.000,8.800,1.000
190.000,26.600,-7.200,0.000
154.000,86.600,-2.400,0.000
148.000,91.000,-1.600,0.000
139.000,94.600,-0.400,0.000
115.000,86.600,2.800,0.000
103.000,73.000,4.400,0.000
85.000,40.600,6.800,0.000
82.000,33.800,7.200,1.000
31.000,115.400,-1.200,0.000
4.000,111.800,2.400,0.000
-26.000,69.800,6.400,0.000
-32.000,56.600,7.200,1.000
-47.000,92.600,-6.000,0.000
-50.000,98.600,-5.600,0.000
-53.000,104.200,-5.200,0.000
-110.000,134.600,2.400,0.000
-128.000,114.200,4.800,0.000
-143.000,86.200,6.800,1.000
373.000,107.000,-4.800,0.000
334.000,138.200,0.400,0.000
328.000,137.000,1.200,0.000
280.000,69.800,7.600,1.000
238.000,145.400,-2.400,0.000
220.000,153.800,0.000,0.000
202.000,147.800,2.400,0.000
166.000,92.600,7.200,0.000
148.000,43.400,9.600,1.000
130.000,85.400,-5.600,0.000
127.000,91.000,-5.200,0.000
109.000,116.200,-2.800,0.000
31.000,59.000,7.600,0.000
28.000,51.400,8.000,0.000
22.000,35.000,8.800,1.000
19.000,43.000,-7.600,0.000
-17.000,107.800,-2.800,0.000
-53.000,115.000,2.000,0.000
-86.000,71.000,6.400,0.000
-89.000,64.600,6.800,0.000
-98.000,43.000,8.000,1.000
-143.000,121.000,-2.000,0.000
367.000,187.000,2.000,0.000
340.000,154.600,5.600,0.000
301.000,50.600,10.800,1.000
289.000,80.200,-6.400,0.000
178.000,50.600,8.400,0.000
172.000,33.400,9.200,1.000
130.000,109.000,-2.400,0.000
127.000,111.400,-2.000,0.000
121.000,115.000,-1.200,0.000
103.000,116.200,1.200,0.000
46.000,25.000,8.800,1.000
28.000,67.000,-5.600,0.000
-20.000,108.600,0.800,0.000
-56.000,72.600,5.600,0.000
-68.000,47.800,7.200,1.000
-143.000,127.800,2.000,0.000
-152.000,120.600,3.200,0.000
367.000,-38.200,6.000,1.000
352.000,-2.200,-6.000,0.000
319.000,41.800,-1.600,0.000
298.000,44.600,1.200,0.000
277.000,27.800,4.000,0.000
256.000,-8.600,6.800,1.000
190.000,75.000,0.800,0.000
148.000,27.400,6.400,1.000
124.000,80.200,-4.800,0.000
121.000,85.000,-4.400,0.000
112.000,97.000,-3.200,0.000
109.000,100.200,-2.800,0.000
103.000,105.400,-2.000,0.000
94.000,110.200,-0.800,0.000
88.000,111.400,0.000,0.000
61.000,97.000,3.600,0.000
34.000,50.200,7.200,1.000
-23.000,133.800,-0.400,0.000
-38.000,131.800,1.600,0.000
-53.000,119.800,3.600,0.000
-83.000,65.800,7.600,1.000
-104.000,113.400,-5.200,0.000
-152.000,148.600,1.200,0.000
364.000,319.800,4.400,0.000
304.000,155.800,12.400,0.000
277.000,29.800,16.000,1.000
160.000,45.400,7.600,1.000
97.000,129.400,0.400,0.000
82.000,123.400,2.400,0.000
79.000,121.000,2.800,0.000
40.000,53.400,8.000,1.000
13.000,111.000,-4.400,0.000
-53.000,115.400,4.400,0.000
-68.000,89.400,6.400,0.000
-71.000,83.000,6.800,0.000
-80.000,61.400,8.000,1.000
-158.000,139.400,2.400,0.000
361.000,114.200,5.200,0.000
331.000,44.200,9.200,1.000
298.000,110.200,-3.600,0.000
292.000,117.000,-2.800,0.000
253.000,122.200,2.400,0.000
205.000,35.800,8.800,1.000
196.000,58.600,-6.800,0.000
166.000,108.600,-2.800,0.000
109.000,93.400,4.800,0.000
88.000,51.400,7.600,1.000
85.000,59.400,-7.600,0.000
43.000,129.400,-2.000,0.000
-29.000,67.000,7.600,1.000
-50.000,114.600,-5.200,0.000
-62.000,133.000,-3.600,0.000
-68.000,139.800,-2.800,0.000
-146.000,82.600,7.600,1.000
376.000,124.600,-5.600,0.000
253.000,26.200,10.800,1.000
247.000,41.800,-7.200,0.000
187.000,109.800,0.800,0.000
166.000,95.800,3.600,0.000
154.000,79.000,5.200,0.000
145.000,62.200,6.400,0.000
133.000,34.200,8.000,1.000
91.000,109.800,-2.400,0.000
7.000,25.800,8.800,1.000
-5.000,55.400,-6.400,0.000
-32.000,98.600,-2.800,0.000
-44.000,107.400,-1.200,0.000
-71.000,103.800,2.400,0.000
-98.000,67.800,6.000,1.000
361.000,111.400,2.800,0.000
358.000,108.600,3.200,0.000
355.000,105.400,3.600,0.000
343.000,88.600,5.200,0.000
310.000,9.400,9.600,1.000
280.000,71.400,-4.000,0.000
262.000,89.400,-1.600,0.000
250.000,93.400,0.000,0.000
226.000,82.200,3.200,0.000
217.000,71.400,4.400,0.000
199.000,39.000,6.800,1.000
193.000,54.600,-7.200,0.000
187.000,68.600,-6.400,0.000
166.000,105.000,-3.600,0.000
127.000,120.600,1.600,0.000
106.000,101.000,4.400,0.000
100.000,91.800,5.200,0.000
73.000,30.600,8.800,1.000
40.000,96.600,-3.600,0.000
31.000,106.200,-2.400,0.000
28.000,108.600,-2.000,0.000
-8.000,106.200,2.800,0.000
-38.000,60.200,6.800,1.000
-101.000,144.200,0.400,0.000
-110.000,141.800,1.600,0.000
-125.000,129.800,3.600,0.000
-131.000,122.200,4.400,0.000
-155.000,75.800,7.600,1.000
-161.000,91.400,-7.200,0.000
301.000,-11.400,3.200,1.000
271.000,50.600,-4.000,0.000
268.000,54.600,-3.600,0.000
226.000,68.600,2.000,0.000
214.000,58.200,3.600,0.000
187.000,11.400,7.200,1.000
163.000,64.200,-4.800,0.000
160.000,69.000,-4.400,0.000
154.000,77.400,-3.600,0.000
142.000,89.400,-2.000,0.000
124.000,95.400,0.400,0.000
106.000,87.000,2.800,0.000
70.000,27.000,7.600,0.000
67.000,19.400,8.000,1.000
52.000,55.400,-6.000,0.000
46.000,67.000,-5.200,0.000
4.000,103.400,0.400,0.000
-5.000,101.000,1.600,0.000
-17.000,92.200,3.200,0.000
-44.000,49.000,6.800,1.000
-59.000,85.000,-6.000,0.000
-65.000,96.600,-5.200,0.000
-68.000,101.800,-4.800,0.000
-86.000,124.600,-2.400,0.000
-113.000,131.800,1.200,0.000
-137.000,111.000,4.400,0.000
-155.000,78.600,6.800,0.000
-161.000,64.600,7.600,1.000
367.000,94.200,-6.400,0.000
346.000,130.600,-3.600,0.000
328.000,146.200,-1.200,0.000
325.000,147.400,-0.800,0.000
307.000,146.200,1.600,0.000
304.000,144.600,2.000,0.000
301.000,142.600,2.400,0.000
295.000,137.400,3.200,0.000
268.000,94.200,6.800,0.000
262.000,80.200,7.600,1.000
220.000,155.800,-2.400,0.000
163.000,133.000,5.200,0.000
148.000,103.000,7.200,0.000
121.000,23.800,10.800,1.000
115.000,39.400,-7.200,0.000
67.000,106.600,-0.800,0.000
25.000,81.400,4.800,0.000
13.000,59.800,6.400,0.000
7.000,46.600,7.200,0.000
1.000,31.800,8.000,1.000
-11.000,61.400,-6.400,0.000
-23.000,84.600,-4.800,0.000
-47.000,111.800,-1.600,0.000
-50.000,113.400,-1.200,0.000
-83.000,104.600,3.200,0.000
-86.000,101.400,3.600,0.000
-113.000,54.600,7.200,1.000
-116.000,62.600,-7.600,0.000
-119.000,70.200,-7.200,0.000
352.000,294.600,2.000,0.000
343.000,287.400,3.200,0.000
334.000,276.600,4.400,0.000
304.000,214.600,8.400,0.000
289.000,168.600,10.400,0.000
247.000,-13.400,16.000,1.000
238.000,9.400,-6.800,0.000
211.000,56.200,-3.200,0.000
187.000,70.600,0.000,0.000
169.000,64.600,2.400,0.000
142.000,28.600,6.000,1.000
136.000,44.200,-7.200,0.000
94.000,108.600,-1.600,0.000
34.000,64.600,6.400,0.000
22.000,36.600,8.000,1.000
-56.000,114.600,2.400,0.000
-62.000,109.400,3.200,0.000
-86.000,72.600,6.400,0.000
-89.000,66.200,6.800,1.000
-152.000,150.200,0.400,0.000
367.000,11.000,3.200,0.000
364.000,7.800,3.600,0.000
352.000,-9.000,5.200,1.000
346.000,6.600,-7.200,0.000
343.000,13.800,-6.800,0.000
319.000,57.000,-3.600,0.000
313.000,63.800,-2.800,0.000
250.000,38.600,5.600,1.000
235.000,74.600,-6.000,0.000
130.000,46.600,8.000,1.000
121.000,69.400,-6.800,0.000
82.000,126.600,-1.600,0.000
13.000,62.200,7.600,1.000
10.000,70.200,-7.600,0.000
-11.000,115.000,-4.800,0.000
-17.000,124.200,-4.000,0.000
-104.000,77.800,7.600,0.000
-107.000,70.200,8.000,0.000
-110.000,62.200,8.400,1.000
-125.000,98.200,-6.000,0.000
-128.000,104.200,-5.600,0.000
307.000,126.200,8.400,0.000
277.000,24.200,12.400,1.000
247.000,86.200,-4.000,0.000
232.000,102.200,-2.000,0.000
226.000,105.800,-1.200,0.000
187.000,90.200,4.000,0.000
181.000,81.800,4.800,0.000
160.000,39.800,7.600,1.000
154.000,55.400,-7.200,0.000
118.000,115.400,-2.400,0.000
97.000,123.800,0.400,0.000
85.000,119.800,2.000,0.000
73.000,109.400,3.600,0.000
43.000,55.400,7.600,0.000
31.000,22.600,9.200,1.000
-29.000,106.600,0.000,0.000
-32.000,106.600,0.400,0.000
-41.000,104.200,1.600,0.000
-74.000,64.600,6.000,1.000
-95.000,112.200,-5.200,0.000
364.000,208.200,5.600,0.000
325.000,104.200,10.800,0.000
319.000,82.200,11.600,0.000
304.000,20.200,13.600,1.000
301.000,28.200,-7.600,0.000
298.000,35.800,-7.200,0.000
268.000,89.800,-3.200,0.000
232.000,101.800,1.600,0.000
187.000,35.800,7.600,1.000
163.000,88.600,-4.800,0.000
133.000,118.600,-0.800,0.000
94.000,97.800,4.400,0.000
85.000,83.400,5.600,0.000
73.000,58.600,7.200,0.000
61.000,27.400,8.800,1.000
-53.000,50.200,7.200,1.000
-68.000,86.200,-6.000,0.000
-77.000,103.000,-4.800,0.000
-119.000,133.800,0.800,0.000
-134.000,125.800,2.800,0.000
-143.000,116.200,4.000,1.000
-146.000,124.200,-7.600,0.000
370.000,77.800,-4.400,0.000
355.000,95.800,-2.400,0.000
349.000,100.200,-1.600,0.000
343.000,103.000,-0.800,0.000
286.000,49.800,6.800,1.000
283.000,57.800,-7.600,0.000
217.000,132.600,1.200,0.000
205.000,125.400,2.800,0.000
160.000,41.400,8.800,1.000
130.000,103.400,-4.000,0.000
127.000,107.400,-3.600,0.000
100.000,125.400,0.000,0.000
73.000,111.000,3.600,0.000
67.000,103.400,4.400,0.000
43.000,57.000,7.600,1.000
-2.000,135.000,-2.000,0.000
-11.000,139.800,-0.800,0.000
-14.000,140.600,-0.400,0.000
-35.000,135.000,2.400,0.000
-53.000,114.600,4.800,0.000
-83.000,48.600,8.800,1.000
322.000,108.600,10.000,0.000
307.000,54.600,12.000,0.000
298.000,17.400,13.200,1.000
295.000,25.400,-7.600,0.000
265.000,83.400,-3.600,0.000
229.000,100.200,1.200,0.000
175.000,17.400,8.400,1.000
160.000,53.400,-6.000,0.000
88.000,87.000,3.600,0.000
76.000,70.200,5.200,0.000
73.000,65.000,5.600,0.000
49.000,9.000,8.800,1.000
-5.000,91.800,-0.800,0.000
-11.000,93.000,0.000,0.000
-56.000,51.000,6.000,1.000
-101.000,129.000,-2.000,0.000
-161.000,93.000,6.000,0.000
370.000,-150.200,7.200,1.000
358.000,-120.600,-6.400,0.000
331.000,-77.400,-2.800,0.000
325.000,-72.200,-2.000,0.000
322.000,-70.200,-1.600,0.000
298.000,-68.600,1.600,0.000
295.000,-70.200,2.000,0.000
286.000,-77.400,3.200,1.000
277.000,-54.600,-6.800,0.000
229.000,6.200,-0.400,0.000
217.000,5.400,1.200,0.000
214.000,4.200,1.600,0.000
211.000,2.600,2.000,0.000
208.000,0.600,2.400,0.000
202.000,-4.600,3.200,1.000
199.000,3.400,-7.600,0.000
166.000,65.000,-3.200,0.000
160.000,71.000,-2.400,0.000
148.000,78.200,-0.800,0.000
85.000,11.000,7.600,1.000
40.000,89.000,-2.000,0.000
28.000,94.600,-0.400,0.000
-20.000,53.000,6.000,1.000
-56.000,122.600,-3.200,0.000
-80.000,137.000,0.000,0.000
-125.000,95.000,6.000,0.000
-158.000,7.000,10.400,0.000
370.000,59.000,12.000,1.000
355.000,95.000,-6.000,0.000
256.000,81.800,7.200,0.000
238.000,32.600,9.600,1.000
187.000,114.200,-1.200,0.000
145.000,94.600,4.400,0.000
115.000,32.600,8.400,1.000
52.000,116.600,0.400,0.000
46.000,115.400,1.200,0.000
-5.000,40.600,8.000,1.000
-110.000,82.600,6.000,0.000
-122.000,56.200,7.600,1.000
-161.000,129.000,-2.800,0.000
322.000,145.800,4.800,0.000
283.000,52.200,10.000,1.000
277.000,67.800,-7.200,0.000
253.000,114.200,-4.000,0.000
157.000,43.800,8.800,1.000
73.000,116.600,3.200,0.000
28.000,26.600,9.200,1.000
-2.000,88.600,-4.000,0.000
-50.000,104.600,2.400,0.000
-59.000,96.200,3.600,0.000
-83.000,56.200,6.800,1.000
-119.000,125.800,-3.200,0.000
-125.000,131.800,-2.400,0.000
-131.000,136.200,-1.600,0.000
346.000,-42.200,6.800,1.000
316.000,19.800,-4.000,0.000
238.000,-6.200,6.400,1.000
148.000,59.800,4.000,0.000
133.000,35.800,6.000,1.000
115.000,77.800,-5.600,0.000
43.000,101.800,4.000,0.000
13.000,43.800,8.000,1.000
-5.000,85.800,-5.600,0.000
-14.000,101.400,-4.400,0.000
-62.000,123.800,2.000,0.000
-68.000,119.400,2.800,0.000
-83.000,101.400,4.800,0.000
-107.000,51.800,8.000,1.000
-110.000,59.800,-7.600,0.000
283.000,153.800,12.000,0.000
274.000,116.600,13.200,0.000
259.000,46.600,15.200,1.000
211.000,126.600,-1.600,0.000
187.000,128.200,1.600,0.000
184.000,126.600,2.000,0.000
148.000,76.200,6.800,0.000
133.000,38.200,8.800,1.000
115.000,80.200,-5.600,0.000
103.000,100.200,-4.000,0.000
94.000,111.000,-2.800,0.000
16.000,53.800,7.600,1.000
-11.000,111.400,-4.400,0.000
-41.000,137.400,-0.400,0.000
-47.000,137.800,0.400,0.000
-86.000,101.400,5.600,0.000
-92.000,89.800,6.400,0.000
-110.000,45.400,8.800,1.000
-122.000,75.000,-6.400,0.000
-155.000,123.400,-2.000,0.000
349.000,-71.000,2.800,1.000
346.000,-63.000,-7.600,0.000
325.000,-18.200,-4.800,0.000
298.000,10.600,-1.200,0.000
283.000,12.600,0.800,0.000
262.000,-1.400,3.600,1.000
247.000,34.600,-6.000,0.000
220.000,74.200,-2.400,0.000
202.000,82.600,0.000,0.000
199.000,82.600,0.400,0.000
169.000,60.600,4.400,0.000
148.000,21.400,7.200,0.000
145.000,14.200,7.600,1.000
55.000,80.200,4.000,0.000
46.000,67.000,5.200,0.000
40.000,56.200,6.000,0.000
34.000,43.800,6.800,0.000
31.000,37.000,7.200,1.000
19.000,66.600,-6.400,0.000
4.000,94.600,-4.400,0.000
-47.000,115.000,2.400,0.000
-65.000,94.600,4.800,0.000
-86.000,52.600,7.600,1.000
-140.000,135.400,-0.800,0.000
-152.000,136.200,0.800,0.000
-158.000,134.200,1.600,0.000
-161.000,132.600,2.000,0.000
364.000,310.600,4.000,0.000
361.000,306.600,4.400,0.000
328.000,236.200,8.800,0.000
295.000,117.400,13.200,0.000
277.000,32.200,15.600,1.000
262.000,68.200,-6.000,0.000
250.000,89.800,-4.400,0.000
238.000,105.000,-2.800,0.000
235.000,107.800,-2.400,0.000
178.000,85.000,5.200,0.000
148.000,15.000,9.200,1.000
133.000,51.000,-6.000,0.000
121.000,72.600,-4.400,0.000
52.000,72.600,4.800,0.000
34.000,37.800,7.200,1.000
-11.000,115.800,-2.000,0.000
-32.000,121.400,0.800,0.000
-62.000,95.400,4.800,0.000
-80.000,60.600,7.200,1.000
-86.000,76.200,-7.200,0.000
-95.000,96.600,-6.000,0.000
-110.000,122.600,-4.000,0.000
-116.000,130.200,-3.200,0.000
-152.000,142.200,1.600,0.000
346.000,51.400,7.200,0.000
340.000,36.600,8.000,0.000
331.000,11.400,9.200,1.000
328.000,19.400,-7.600,0.000
238.000,73.400,4.400,0.000
232.000,64.200,5.200,0.000
217.000,34.200,7.200,0.000
214.000,27.000,7.600,1.000
211.000,35.000,-7.600,0.000
172.000,102.600,-2.400,0.000
151.000,111.000,0.400,0.000
127.000,96.600,3.600,0.000
112.000,74.600,5.600,0.000
106.000,63.000,6.400,0.000
91.000,27.000,8.400,1.000
1.000,93.000,4.000,0.000
-20.000,56.600,6.800,0.000
-26.000,42.600,7.600,1.000
-32.000,58.200,-7.200,0.000
-59.000,108.600,-3.600,0.000
-62.000,112.200,-3.200,0.000
-98.000,124.200,1.600,0.000
-119.000,104.600,4.400,0.000
-140.000,65.400,7.200,0.000
-149.000,42.600,8.400,1.000
364.000,132.200,-4.400,0.000
322.000,157.400,1.200,0.000
274.000,90.200,7.600,0.000
259.000,48.200,9.600,1.000
256.000,56.200,-7.600,0.000
253.000,63.800,-7.200,0.000
229.000,110.200,-4.000,0.000
175.000,121.000,3.200,0.000
136.000,48.200,8.400,0.000
130.000,31.000,9.200,1.000
124.000,46.600,-7.200,0.000
118.000,60.600,-6.400,0.000
112.000,73.000,-5.600,0.000
25.000,73.000,6.000,0.000
16.000,53.800,7.200,1.000
10.000,69.400,-7.200,0.000
-2.000,95.800,-5.600,0.000
-8.000,106.600,-4.800,0.000
-110.000,45.400,8.800,1.000
-155.000,123.400,-2.000,0.000
370.000,-94.600,0.000,1.000
307.000,-10.600,0.400,1.000
301.000,5.000,-7.200,0.000
286.000,37.000,-5.200,0.000
217.000,55.400,4.000,0.000
214.000,51.400,4.400,1.000
184.000,113.400,-4.000,0.000
175.000,124.200,-2.800,0.000
166.000,131.400,-1.600,0.000
88.000,43.000,8.800,1.000
70.000,85.000,-5.600,0.000
55.000,109.000,-3.600,0.000
37.000,124.600,-1.200,0.000
16.000,124.600,1.600,0.000
-2.000,109.000,4.000,0.000
-32.000,51.000,8.000,1.000
-71.000,123.800,-2.800,0.000
-119.000,120.600,3.600,0.000
358.000,89.000,12.000,1.000
352.000,104.600,-7.200,0.000
334.000,141.800,-4.800,0.000
316.000,164.600,-2.400,0.000
247.000,118.600,6.800,0.000
226.000,62.600,9.600,1.000
205.000,110.200,-5.200,0.000
196.000,124.600,-4.000,0.000
184.000,138.200,-2.400,0.000
175.000,144.200,-1.200,0.000
151.000,142.600,2.000,0.000
121.000,104.600,6.000,0.000
100.000,54.200,8.800,1.000
85.000,90.200,-6.000,0.000
49.000,135.800,-1.200,0.000
46.000,137.000,-0.800,0.000
28.000,135.800,1.600,0.000
13.000,123.800,3.600,0.000
-8.000,90.200,6.400,0.000
-14.000,77.000,7.200,0.000
-17.000,69.800,7.600,1.000
-77.000,153.800,0.000,0.000
-83.000,153.400,0.800,0.000
-107.000,135.800,4.000,0.000
-113.000,127.400,4.800,0.000
-116.000,122.600,5.200,0.000
352.000,15.400,14.800,1.000
337.000,51.400,-6.000,0.000
334.000,57.400,-5.600,0.000
310.000,91.000,-2.400,0.000
259.000,77.400,4.400,0.000
241.000,45.000,6.800,1.000
184.000,128.600,-0.400,0.000
151.000,111.000,4.000,0.000
127.000,67.800,7.200,0.000
118.000,45.000,8.400,1.000
88.000,107.000,-4.000,0.000
76.000,120.600,-2.400,0.000
61.000,128.600,-0.400,0.000
43.000,125.000,2.000,0.000
40.000,123.000,2.400,0.000
13.000,87.000,6.000,0.000
1.000,60.600,7.600,1.000
-38.000,133.400,-2.800,0.000
-41.000,136.200,-2.400,0.000
-56.000,144.200,-0.400,0.000
-74.000,140.600,2.000,0.000
-119.000,68.600,8.000,1.000
-146.000,126.200,-4.400,0.000
-152.000,134.600,-3.600,0.000
-161.000,144.200,-2.400,0.000
364.000,152.200,-0.400,0.000
352.000,151.400,1.200,0.000
277.000,1.400,11.200,1.000
256.000,49.000,-5.200,0.000
241.000,71.000,-3.200,0.000
229.000,81.400,-1.600,0.000
163.000,24.200,7.200,1.000
115.000,104.200,-1.600,0.000
82.000,99.800,2.800,0.000
67.000,81.800,4.800,0.000
49.000,47.000,7.200,1.000
31.000,89.000,-5.600,0.000
7.000,122.600,-2.400,0.000
-26.000,127.000,2.000,0.000
-68.000,62.600,7.600,1.000
-77.000,85.400,-6.800,0.000
-80.000,92.200,-6.400,0.000
-86.000,104.600,-5.600,0.000
-104.000,132.200,-3.200,0.000
-110.000,138.200,-2.400,0.000
-140.000,144.200,1.600,0.000
-152.000,135.400,3.200,0.000
364.000,98.600,6.400,0.000
343.000,45.400,9.200,1.000
337.000,61.000,-7.200,0.000
265.000,123.400,2.400,0.000
211.000,19.000,9.600,0.000
205.000,-0.600,10.400,1.000
97.000,35.400,6.400,0.000
82.000,-0.600,8.400,1.000
55.000,57.000,-4.400,0.000
52.000,61.400,-4.000,0.000
-2.000,72.200,3.200,0.000
-5.000,69.000,3.600,0.000
-14.000,57.000,4.800,0.000
-32.000,22.200,7.200,1.000
